5 0.6694444444444444 0.41089108910891087 0.2861111111111111 0.15841584158415842
5 0.7861111111111111 0.31683168316831684 0.041666666666666664 0.3118811881188119
5 0.7583333333333333 0.5693069306930693 0.14166666666666666 0.18811881188118812
5 0.4638888888888889 0.4603960396039604 0.14444444444444443 0.2079207920792079
5 0.22777777777777777 0.3316831683168317 0.06944444444444445 0.06435643564356436
0 0.9805555555555555 0.2079207920792079 0.03333333333333333 0.054455445544554455
0 0.9888888888888889 0.18811881188118812 0.016666666666666666 0.054455445544554455
0 0.7861111111111111 0.7029702970297029 0.011111111111111112 0.10396039603960396
0 0.85 0.9108910891089109 0.044444444444444446 0.07425742574257425
0 0.8416666666666667 0.9455445544554455 0.05277777777777778 0.054455445544554455
0 0.49722222222222223 0.8910891089108911 0.04722222222222222 0.09900990099009901
0 0.5083333333333333 0.7821782178217822 0.05 0.0594059405940594
0 0.3527777777777778 0.7871287128712872 0.04722222222222222 0.08415841584158416
0 0.16111111111111112 0.8663366336633663 0.05 0.034653465346534656
0 0.016666666666666666 0.594059405940594 0.027777777777777776 0.0594059405940594
0 0.16666666666666666 0.5198019801980198 0.041666666666666664 0.04950495049504951
0 0.14444444444444443 0.5247524752475248 0.016666666666666666 0.04455445544554455
0 0.36944444444444446 0.40594059405940597 0.027777777777777776 0.039603960396039604
0 0.20833333333333334 0.7871287128712872 0.03333333333333333 0.0297029702970297
0 0.12222222222222222 0.6782178217821783 0.030555555555555555 0.024752475247524754
0 0.42777777777777776 0.7475247524752475 0.03333333333333333 0.024752475247524754
0 0.375 0.8960396039603961 0.03611111111111111 0.019801980198019802
0 0.4722222222222222 0.8316831683168316 0.03611111111111111 0.04455445544554455