5 0.6944444444444444 0.22772277227722773 0.15555555555555556 0.32673267326732675
5 0.8361111111111111 0.4603960396039604 0.15833333333333333 0.1782178217821782
5 0.75 0.3712871287128713 0.13333333333333333 0.18811881188118812
5 0.7111111111111111 0.6782178217821783 0.03888888888888889 0.15346534653465346
5 0.6305555555555555 0.7524752475247525 0.1388888888888889 0.10396039603960396
5 0.30833333333333335 0.6782178217821783 0.19722222222222222 0.0891089108910891
1 0.08333333333333333 0.5198019801980198 0.16666666666666666 0.10891089108910891
0 0.06666666666666667 0.4504950495049505 0.06944444444444445 0.06435643564356436
0 0.3138888888888889 0.41089108910891087 0.030555555555555555 0.034653465346534656
0 0.275 0.8564356435643564 0.025 0.0594059405940594
0 0.4111111111111111 0.905940594059406 0.03888888888888889 0.04950495049504951
0 0.8194444444444444 0.9405940594059405 0.075 0.06930693069306931
0 0.7361111111111112 0.8217821782178217 0.011111111111111112 0.10396039603960396
0 0.8777777777777778 0.698019801980198 0.05 0.06435643564356436
0 0.022222222222222223 0.6089108910891089 0.03888888888888889 0.04455445544554455
0 0.05 0.5594059405940595 0.06388888888888888 0.019801980198019802
0 0.12777777777777777 0.7524752475247525 0.04722222222222222 0.0297029702970297