5 0.2222222222222222 0.25742574257425743 0.2777777777777778 0.1485148514851485
5 0.5305555555555556 0.6386138613861386 0.11666666666666667 0.26732673267326734
5 0.6277777777777778 0.6237623762376238 0.12222222222222222 0.15841584158415842
0 0.95 0.5891089108910891 0.09722222222222222 0.07425742574257425
0 0.9138888888888889 0.8366336633663366 0.09166666666666666 0.09900990099009901
0 0.7666666666666667 0.8366336633663366 0.019444444444444445 0.11386138613861387
0 0.7888888888888889 0.8613861386138614 0.041666666666666664 0.08415841584158416
0 0.7166666666666667 0.9603960396039604 0.030555555555555555 0.07425742574257425
0 0.11944444444444445 0.6633663366336634 0.05 0.12871287128712872
0 0.2861111111111111 0.42574257425742573 0.030555555555555555 0.0297029702970297
0 0.16666666666666666 0.806930693069307 0.06388888888888888 0.07425742574257425
0 0.13333333333333333 0.7425742574257426 0.030555555555555555 0.04950495049504951
0 0.21944444444444444 0.9207920792079208 0.04722222222222222 0.034653465346534656