0 0.17222222222222222 0.17326732673267325 0.025 0.12871287128712872
5 0.5611111111111111 0.8168316831683168 0.06666666666666667 0.17326732673267325
0 0.9 0.6683168316831684 0.10277777777777777 0.08415841584158416
1 0.9416666666666667 0.8663366336633663 0.1111111111111111 0.13861386138613863
0 0.2638888888888889 0.4752475247524752 0.04722222222222222 0.0297029702970297
0 0.2111111111111111 0.8762376237623762 0.06666666666666667 0.1188118811881188
0 0.4527777777777778 0.8762376237623762 0.08888888888888889 0.16336633663366337
0 0.7805555555555556 0.9306930693069307 0.025 0.07920792079207921
0 0.40555555555555556 0.5148514851485149 0.03888888888888889 0.019801980198019802
0 0.35833333333333334 0.31683168316831684 0.019444444444444445 0.019801980198019802
0 0.2777777777777778 0.3712871287128713 0.025 0.009900990099009901
0 0.16666666666666666 0.8465346534653465 0.030555555555555555 0.054455445544554455