5 0.8694444444444445 0.297029702970297 0.08333333333333333 0.13861386138613863
0 0.9777777777777777 0.6039603960396039 0.03611111111111111 0.08415841584158416
0 0.37777777777777777 0.8861386138613861 0.09166666666666666 0.07425742574257425
0 0.25 0.8960396039603961 0.08611111111111111 0.0297029702970297
0 0.19722222222222222 0.9356435643564357 0.08055555555555556 0.0297029702970297
0 0.12222222222222222 0.905940594059406 0.06388888888888888 0.09900990099009901
1 0.1361111111111111 0.6881188118811881 0.14722222222222223 0.16831683168316833
1 0.08333333333333333 0.4207920792079208 0.1638888888888889 0.2623762376237624
0 0.06666666666666667 0.2524752475247525 0.09722222222222222 0.06930693069306931
0 0.1638888888888889 0.3415841584158416 0.041666666666666664 0.0891089108910891
0 0.08333333333333333 0.7673267326732673 0.03888888888888889 0.09405940594059406