1 0.36944444444444446 0.7821782178217822 0.1 0.09900990099009901
5 0.6916666666666667 0.7574257425742574 0.11388888888888889 0.0891089108910891
5 0.16944444444444445 0.40594059405940597 0.15555555555555556 0.1485148514851485
0 0.30277777777777776 0.08415841584158416 0.030555555555555555 0.10396039603960396
0 0.1111111111111111 0.06435643564356436 0.06666666666666667 0.06435643564356436
0 0.008333333333333333 0.297029702970297 0.016666666666666666 0.0594059405940594
0 0.03888888888888889 0.48514851485148514 0.075 0.1188118811881188
0 0.15 0.6287128712871287 0.05555555555555555 0.06435643564356436
0 0.24444444444444444 0.6584158415841584 0.10277777777777777 0.06435643564356436
0 0.475 0.7970297029702971 0.03888888888888889 0.08415841584158416
0 0.16111111111111112 0.7871287128712872 0.03888888888888889 0.04455445544554455
0 0.13333333333333333 0.7871287128712872 0.025 0.07425742574257425
0 0.030555555555555555 0.7029702970297029 0.058333333333333334 0.04455445544554455
0 0.06111111111111111 0.6188118811881188 0.03333333333333333 0.04455445544554455
0 0.08333333333333333 0.5643564356435643 0.025 0.06435643564356436
0 0.19444444444444445 0.47029702970297027 0.022222222222222223 0.039603960396039604
0 0.18333333333333332 0.8415841584158416 0.06111111111111111 0.019801980198019802