5 0.525 0.6188118811881188 0.1388888888888889 0.31683168316831684
0 0.6583333333333333 0.806930693069307 0.11388888888888889 0.06930693069306931
5 0.31666666666666665 0.4801980198019802 0.15833333333333333 0.07920792079207921
5 0.10833333333333334 0.4158415841584158 0.14166666666666666 0.1485148514851485
5 0.2111111111111111 0.20297029702970298 0.10555555555555556 0.22277227722772278
0 0.30833333333333335 0.10396039603960396 0.027777777777777776 0.13861386138613863
5 0.04722222222222222 0.2871287128712871 0.08888888888888889 0.10396039603960396
0 0.225 0.7475247524752475 0.07777777777777778 0.0297029702970297
0 0.18611111111111112 0.698019801980198 0.030555555555555555 0.14356435643564355
0 0.23333333333333334 0.7970297029702971 0.03611111111111111 0.06930693069306931
0 0.3055555555555556 0.7079207920792079 0.044444444444444446 0.024752475247524754
0 0.5333333333333333 0.900990099009901 0.013888888888888888 0.0594059405940594
0 0.08333333333333333 0.5891089108910891 0.05 0.054455445544554455
0 0.23333333333333334 0.5247524752475248 0.013888888888888888 0.08415841584158416
0 0.16944444444444445 0.8267326732673267 0.05 0.04455445544554455
0 0.10277777777777777 0.801980198019802 0.05555555555555555 0.13861386138613863
0 0.1111111111111111 0.7574257425742574 0.05555555555555555 0.06435643564356436
0 0.03888888888888889 0.599009900990099 0.03611111111111111 0.034653465346534656
0 0.13055555555555556 0.8415841584158416 0.06944444444444445 0.024752475247524754