0 0.03888888888888889 0.08415841584158416 0.07222222222222222 0.10396039603960396
0 0.03611111111111111 0.15841584158415842 0.07222222222222222 0.15841584158415842
5 0.39166666666666666 0.7227722772277227 0.14166666666666666 0.11386138613861387
5 0.675 0.599009900990099 0.16666666666666666 0.0891089108910891
0 0.5944444444444444 0.5396039603960396 0.08055555555555556 0.04950495049504951
0 0.6833333333333333 0.7425742574257426 0.09722222222222222 0.054455445544554455
0 0.5194444444444445 0.698019801980198 0.07777777777777778 0.04455445544554455
0 0.5083333333333333 0.8118811881188119 0.08055555555555556 0.04455445544554455
0 0.525 0.8663366336633663 0.08055555555555556 0.04455445544554455
0 0.475 0.9603960396039604 0.058333333333333334 0.054455445544554455
0 0.5722222222222222 0.9603960396039604 0.041666666666666664 0.01485148514851485
0 0.21944444444444444 0.6188118811881188 0.04722222222222222 0.06435643564356436
0 0.11666666666666667 0.6089108910891089 0.09166666666666666 0.11386138613861387
0 0.05277777777777778 0.6138613861386139 0.058333333333333334 0.039603960396039604
0 0.06388888888888888 0.5792079207920792 0.03333333333333333 0.054455445544554455
0 0.08888888888888889 0.5247524752475248 0.027777777777777776 0.06435643564356436
0 0.4083333333333333 0.5643564356435643 0.03333333333333333 0.06930693069306931
0 0.30833333333333335 0.7227722772277227 0.05 0.039603960396039604
0 0.15555555555555556 0.7425742574257426 0.06111111111111111 0.034653465346534656
0 0.11944444444444445 0.6881188118811881 0.08055555555555556 0.0594059405940594
0 0.14444444444444443 0.8564356435643564 0.03888888888888889 0.034653465346534656
0 0.2861111111111111 0.8811881188118812 0.03888888888888889 0.0297029702970297
0 0.17222222222222222 0.9108910891089109 0.05 0.054455445544554455
0 0.39444444444444443 0.9653465346534653 0.05277777777777778 0.024752475247524754
0 0.10833333333333334 0.806930693069307 0.030555555555555555 0.06930693069306931