5 0.75 0.5099009900990099 0.10833333333333334 0.13366336633663367
5 0.7638888888888888 0.7326732673267327 0.08333333333333333 0.08415841584158416
5 0.6111111111111112 0.49504950495049505 0.09722222222222222 0.07920792079207921
0 0.5555555555555556 0.6732673267326733 0.06666666666666667 0.04950495049504951
0 0.5722222222222222 0.7871287128712872 0.08888888888888889 0.034653465346534656
0 0.4305555555555556 0.8415841584158416 0.08055555555555556 0.034653465346534656
0 0.5055555555555555 0.9455445544554455 0.07777777777777778 0.04455445544554455
0 0.5888888888888889 0.9455445544554455 0.03333333333333333 0.019801980198019802
0 0.43333333333333335 0.9306930693069307 0.05277777777777778 0.0297029702970297
0 0.3055555555555556 0.7475247524752475 0.04722222222222222 0.0297029702970297
0 0.40555555555555556 0.599009900990099 0.022222222222222223 0.06930693069306931
0 0.15555555555555556 0.6287128712871287 0.08333333333333333 0.11386138613861387
0 0.14722222222222223 0.5643564356435643 0.058333333333333334 0.0891089108910891
0 0.05277777777777778 0.10396039603960396 0.10555555555555556 0.07425742574257425
0 0.10555555555555556 0.6584158415841584 0.1111111111111111 0.0891089108910891
0 0.1638888888888889 0.7227722772277227 0.07222222222222222 0.0297029702970297
0 0.16666666666666666 0.8613861386138614 0.04722222222222222 0.06435643564356436
0 0.06111111111111111 0.5792079207920792 0.04722222222222222 0.034653465346534656