5 0.7083333333333334 0.36633663366336633 0.09444444444444444 0.0594059405940594
5 0.8611111111111112 0.44554455445544555 0.05277777777777778 0.13861386138613863
0 0.625 0.6732673267326733 0.06666666666666667 0.06435643564356436
0 0.6833333333333333 0.7376237623762376 0.05 0.0594059405940594
0 0.5944444444444444 0.9257425742574258 0.08333333333333333 0.039603960396039604
0 0.65 0.9356435643564357 0.03611111111111111 0.024752475247524754
0 0.5166666666666667 0.900990099009901 0.058333333333333334 0.034653465346534656
0 0.3638888888888889 0.8118811881188119 0.08055555555555556 0.04455445544554455
0 0.3472222222222222 0.7475247524752475 0.06388888888888888 0.034653465346534656
0 0.41944444444444445 0.6089108910891089 0.05277777777777778 0.04455445544554455
0 0.1361111111111111 0.6633663366336634 0.10277777777777777 0.10396039603960396
0 0.2111111111111111 0.6881188118811881 0.06111111111111111 0.0297029702970297
0 0.06666666666666667 0.5198019801980198 0.06388888888888888 0.04455445544554455
0 0.03333333333333333 0.3712871287128713 0.06666666666666667 0.1188118811881188
0 0.013888888888888888 0.10396039603960396 0.025 0.07425742574257425
0 0.29444444444444445 0.6831683168316832 0.016666666666666666 0.04950495049504951
0 0.23333333333333334 0.8316831683168316 0.05 0.06930693069306931
0 0.075 0.599009900990099 0.041666666666666664 0.024752475247524754
0 0.06111111111111111 0.6633663366336634 0.011111111111111112 0.04950495049504951
0 0.027777777777777776 0.43564356435643564 0.03333333333333333 0.06930693069306931