5 0.4777777777777778 0.24257425742574257 0.1388888888888889 0.12376237623762376
0 0.19722222222222222 0.12376237623762376 0.10833333333333334 0.06435643564356436
0 0.21666666666666667 0.04950495049504951 0.03888888888888889 0.0297029702970297
0 0.03333333333333333 0.1188118811881188 0.06388888888888888 0.10396039603960396
0 0.030555555555555555 0.3910891089108911 0.058333333333333334 0.10891089108910891
0 0.011111111111111112 0.29207920792079206 0.019444444444444445 0.039603960396039604
0 0.10277777777777777 0.30198019801980197 0.022222222222222223 0.07920792079207921
0 0.15833333333333333 0.5742574257425742 0.075 0.0297029702970297
0 0.39166666666666666 0.8514851485148515 0.08055555555555556 0.04455445544554455
0 0.4361111111111111 0.8366336633663366 0.025 0.0297029702970297
0 0.425 0.5792079207920792 0.04722222222222222 0.04455445544554455
0 0.8388888888888889 0.4504950495049505 0.044444444444444446 0.06435643564356436
0 0.9777777777777777 0.5643564356435643 0.041666666666666664 0.06930693069306931
0 0.8527777777777777 0.7970297029702971 0.03888888888888889 0.034653465346534656
0 0.7888888888888889 0.8118811881188119 0.03333333333333333 0.034653465346534656
0 0.7222222222222222 0.7475247524752475 0.06111111111111111 0.054455445544554455
0 0.625 0.8564356435643564 0.03888888888888889 0.06930693069306931
0 0.7277777777777777 0.9554455445544554 0.058333333333333334 0.024752475247524754
0 0.6527777777777778 0.9801980198019802 0.03611111111111111 0.0297029702970297
0 0.34444444444444444 0.7920792079207921 0.09722222222222222 0.06435643564356436
0 0.3416666666666667 0.7673267326732673 0.06111111111111111 0.054455445544554455
0 0.2777777777777778 0.806930693069307 0.03888888888888889 0.04950495049504951
0 0.23333333333333334 0.7821782178217822 0.03888888888888889 0.0594059405940594
0 0.125 0.7376237623762376 0.03333333333333333 0.034653465346534656
0 0.19722222222222222 0.7178217821782178 0.030555555555555555 0.01485148514851485
0 0.23333333333333334 0.4504950495049505 0.008333333333333333 0.0594059405940594
0 0.6111111111111112 0.9356435643564357 0.030555555555555555 0.019801980198019802