5 0.37777777777777777 0.22277227722772278 0.1111111111111111 0.08415841584158416
5 0.6888888888888889 0.46534653465346537 0.1 0.07425742574257425
0 0.9333333333333333 0.3316831683168317 0.09166666666666666 0.0891089108910891
0 0.9833333333333333 0.6188118811881188 0.019444444444444445 0.0594059405940594
0 0.8666666666666667 0.5297029702970297 0.013888888888888888 0.04950495049504951
0 0.8111111111111111 0.806930693069307 0.022222222222222223 0.0297029702970297
0 0.8027777777777778 0.8415841584158416 0.025 0.024752475247524754
0 0.7694444444444445 0.9405940594059405 0.016666666666666666 0.024752475247524754
0 0.7527777777777778 0.801980198019802 0.027777777777777776 0.04455445544554455
0 0.6777777777777778 0.8316831683168316 0.03611111111111111 0.024752475247524754
0 0.6 0.9900990099009901 0.058333333333333334 0.019801980198019802
0 0.48055555555555557 0.8564356435643564 0.08055555555555556 0.04455445544554455
0 0.37777777777777777 0.8960396039603961 0.07777777777777778 0.06435643564356436
0 0.4 0.7079207920792079 0.058333333333333334 0.054455445544554455
0 0.39444444444444443 0.5544554455445545 0.03333333333333333 0.034653465346534656
0 0.30277777777777776 0.26732673267326734 0.041666666666666664 0.1188118811881188
0 0.175 0.14356435643564355 0.07222222222222222 0.15841584158415842
0 0.025 0.0891089108910891 0.03888888888888889 0.04455445544554455
0 0.05277777777777778 0.3564356435643564 0.075 0.12376237623762376
0 0.15833333333333333 0.4306930693069307 0.013888888888888888 0.054455445544554455
0 0.24444444444444444 0.40594059405940597 0.013888888888888888 0.054455445544554455
0 0.2361111111111111 0.594059405940594 0.06666666666666667 0.0297029702970297
0 0.2722222222222222 0.7178217821782178 0.025 0.034653465346534656
0 0.21666666666666667 0.7772277227722773 0.05 0.04950495049504951
0 0.21666666666666667 0.7277227722772277 0.030555555555555555 0.06435643564356436
0 0.18888888888888888 0.900990099009901 0.027777777777777776 0.034653465346534656
0 0.1361111111111111 0.6336633663366337 0.016666666666666666 0.04455445544554455
0 0.07777777777777778 0.400990099009901 0.030555555555555555 0.04455445544554455
0 0.027777777777777776 0.3316831683168317 0.016666666666666666 0.04950495049504951