5 0.5138888888888888 0.16831683168316833 0.09722222222222222 0.14356435643564355
5 0.7833333333333333 0.14356435643564355 0.1388888888888889 0.07425742574257425
5 0.9527777777777777 0.15841584158415842 0.06388888888888888 0.08415841584158416
0 0.42777777777777776 0.07425742574257425 0.03888888888888889 0.0891089108910891
5 0.28888888888888886 0.09900990099009901 0.06666666666666667 0.12871287128712872
0 0.09166666666666666 0.1188118811881188 0.06111111111111111 0.13366336633663367
0 0.030555555555555555 0.35148514851485146 0.03611111111111111 0.0594059405940594
0 0.022222222222222223 0.4752475247524752 0.041666666666666664 0.019801980198019802
0 0.18055555555555555 0.46534653465346537 0.05555555555555555 0.034653465346534656
0 0.3388888888888889 0.8910891089108911 0.08888888888888889 0.11386138613861387
0 0.2611111111111111 0.8663366336633663 0.06388888888888888 0.08415841584158416
5 0.40555555555555556 0.49504950495049505 0.05 0.06930693069306931
5 0.6055555555555555 0.41089108910891087 0.06111111111111111 0.04455445544554455
0 0.7722222222222223 0.6336633663366337 0.030555555555555555 0.04950495049504951
0 0.9 0.6534653465346535 0.03333333333333333 0.0594059405940594
0 0.9444444444444444 0.6683168316831684 0.03333333333333333 0.034653465346534656
0 0.6194444444444445 0.8861386138613861 0.016666666666666666 0.024752475247524754
0 0.5194444444444445 0.7326732673267327 0.016666666666666666 0.0594059405940594
0 0.8527777777777777 0.8118811881188119 0.019444444444444445 0.019801980198019802
0 0.3611111111111111 0.5643564356435643 0.013888888888888888 0.039603960396039604
0 0.3333333333333333 0.5099009900990099 0.027777777777777776 0.054455445544554455
0 0.1388888888888889 0.6534653465346535 0.025 0.0297029702970297
0 0.14444444444444443 0.6237623762376238 0.03611111111111111 0.054455445544554455
0 0.11388888888888889 0.6039603960396039 0.013888888888888888 0.019801980198019802
0 0.21388888888888888 0.7722772277227723 0.016666666666666666 0.0594059405940594
0 0.25 0.7277227722772277 0.03333333333333333 0.024752475247524754
0 0.18611111111111112 0.25742574257425743 0.030555555555555555 0.054455445544554455