5 0.55 0.45544554455445546 0.10277777777777777 0.07425742574257425
5 0.6472222222222223 0.22772277227722773 0.09166666666666666 0.08415841584158416
5 0.7777777777777778 0.5396039603960396 0.07777777777777778 0.06435643564356436
0 0.9611111111111111 0.45544554455445546 0.058333333333333334 0.07425742574257425
0 0.9666666666666667 0.37623762376237624 0.011111111111111112 0.054455445544554455
0 0.48333333333333334 0.594059405940594 0.041666666666666664 0.04455445544554455
0 0.3611111111111111 0.8762376237623762 0.06666666666666667 0.1188118811881188
0 0.3 0.900990099009901 0.04722222222222222 0.0594059405940594
0 0.19722222222222222 0.7574257425742574 0.03611111111111111 0.024752475247524754
0 0.10833333333333334 0.4158415841584158 0.03611111111111111 0.09900990099009901
0 0.06388888888888888 0.3564356435643564 0.06388888888888888 0.04455445544554455
0 0.016666666666666666 0.1782178217821782 0.025 0.07920792079207921
0 0.1111111111111111 0.0891089108910891 0.08333333333333333 0.10891089108910891
5 0.33055555555555555 0.09900990099009901 0.1 0.13366336633663367
5 0.32222222222222224 0.18811881188118812 0.09444444444444444 0.08415841584158416
5 0.44166666666666665 0.3465346534653465 0.06666666666666667 0.06930693069306931
5 0.28888888888888886 0.3910891089108911 0.06388888888888888 0.07920792079207921
5 0.25 0.3811881188118812 0.05 0.09405940594059406
0 0.2916666666666667 0.5544554455445545 0.05555555555555555 0.024752475247524754
0 0.7055555555555556 0.5891089108910891 0.030555555555555555 0.039603960396039604
0 0.46111111111111114 0.9207920792079208 0.030555555555555555 0.04950495049504951
0 0.7944444444444444 0.7524752475247525 0.011111111111111112 0.0297029702970297
0 0.6694444444444444 0.9158415841584159 0.019444444444444445 0.019801980198019802
0 0.5694444444444444 0.806930693069307 0.019444444444444445 0.0297029702970297
0 0.2638888888888889 0.7970297029702971 0.030555555555555555 0.04950495049504951
0 0.11666666666666667 0.5495049504950495 0.03888888888888889 0.024752475247524754
0 0.06944444444444445 0.5742574257425742 0.03888888888888889 0.034653465346534656
0 0.15555555555555556 0.6435643564356436 0.022222222222222223 0.039603960396039604
0 0.14166666666666666 0.6584158415841584 0.022222222222222223 0.0297029702970297