5 0.6055555555555555 0.6039603960396039 0.09444444444444444 0.08415841584158416
0 0.7916666666666666 0.4801980198019802 0.013888888888888888 0.0891089108910891
0 0.9055555555555556 0.7376237623762376 0.019444444444444445 0.04950495049504951
5 0.5694444444444444 0.5247524752475248 0.04722222222222222 0.04455445544554455
5 0.5055555555555555 0.4504950495049505 0.06388888888888888 0.09405940594059406
5 0.5111111111111111 0.43564356435643564 0.025 0.09900990099009901
5 0.3055555555555556 0.40594059405940597 0.07777777777777778 0.08415841584158416
5 0.28055555555555556 0.18811881188118812 0.030555555555555555 0.10396039603960396
0 0.4305555555555556 0.6039603960396039 0.025 0.06435643564356436
0 0.38055555555555554 0.5693069306930693 0.03611111111111111 0.07920792079207921
0 0.13333333333333333 0.4504950495049505 0.07777777777777778 0.039603960396039604
0 0.10833333333333334 0.3613861386138614 0.06388888888888888 0.12376237623762376
0 0.3888888888888889 0.8168316831683168 0.06111111111111111 0.12871287128712872
0 0.44722222222222224 0.9257425742574258 0.041666666666666664 0.039603960396039604
0 0.35 0.9306930693069307 0.05555555555555555 0.08415841584158416
0 0.3 0.8316831683168316 0.03611111111111111 0.04950495049504951
0 0.2638888888888889 0.6584158415841584 0.03333333333333333 0.0891089108910891
0 0.4027777777777778 0.6782178217821783 0.04722222222222222 0.04455445544554455
0 0.5583333333333333 0.6683168316831684 0.027777777777777776 0.0297029702970297
0 0.30277777777777776 0.900990099009901 0.044444444444444446 0.04455445544554455