5 0.41388888888888886 0.47029702970297027 0.09166666666666666 0.11386138613861387
5 0.5944444444444444 0.5 0.07777777777777778 0.054455445544554455
0 0.75 0.6237623762376238 0.05555555555555555 0.04455445544554455
5 0.3111111111111111 0.693069306930693 0.03888888888888889 0.12871287128712872
0 0.058333333333333334 0.3217821782178218 0.07222222222222222 0.08415841584158416
0 0.16666666666666666 0.08415841584158416 0.03611111111111111 0.024752475247524754
0 0.18333333333333332 0.17326732673267325 0.016666666666666666 0.0297029702970297
0 0.2777777777777778 0.0594059405940594 0.011111111111111112 0.04950495049504951
0 0.2722222222222222 0.3564356435643564 0.025 0.054455445544554455
0 0.2833333333333333 0.6188118811881188 0.03333333333333333 0.08415841584158416
0 0.18888888888888888 0.6089108910891089 0.013888888888888888 0.07425742574257425
0 0.19166666666666668 0.8613861386138614 0.03611111111111111 0.054455445544554455
0 0.03888888888888889 0.5495049504950495 0.030555555555555555 0.06930693069306931
0 0.06666666666666667 0.6732673267326733 0.025 0.04455445544554455
0 0.12777777777777777 0.6089108910891089 0.03611111111111111 0.039603960396039604
0 0.2722222222222222 0.7178217821782178 0.03611111111111111 0.0297029702970297
0 0.4222222222222222 0.6485148514851485 0.027777777777777776 0.04455445544554455
0 0.29444444444444445 0.5643564356435643 0.027777777777777776 0.039603960396039604
0 0.49722222222222223 0.6881188118811881 0.05 0.04950495049504951
0 0.5027777777777778 0.7574257425742574 0.03888888888888889 0.019801980198019802
0 0.7194444444444444 0.5841584158415841 0.04722222222222222 0.0297029702970297
0 0.6972222222222222 0.6485148514851485 0.022222222222222223 0.0297029702970297
0 0.9166666666666666 0.5693069306930693 0.044444444444444446 0.024752475247524754
0 0.8444444444444444 0.693069306930693 0.030555555555555555 0.01485148514851485
0 0.5916666666666667 0.7128712871287128 0.027777777777777776 0.0297029702970297
0 0.85 0.7920792079207921 0.03333333333333333 0.024752475247524754
0 0.7555555555555555 0.8663366336633663 0.025 0.019801980198019802