5 0.46111111111111114 0.6336633663366337 0.09444444444444444 0.07425742574257425
0 0.6194444444444445 0.6881188118811881 0.05277777777777778 0.04950495049504951
5 0.35833333333333334 0.38613861386138615 0.05 0.04950495049504951
0 0.48333333333333334 0.6683168316831684 0.05277777777777778 0.04455445544554455
0 0.25 0.46534653465346537 0.03611111111111111 0.09900990099009901
0 0.2361111111111111 0.24257425742574257 0.022222222222222223 0.0594059405940594
0 0.24166666666666667 0.15841584158415842 0.03333333333333333 0.034653465346534656
0 0.20555555555555555 0.04950495049504951 0.008333333333333333 0.0297029702970297
0 0.06111111111111111 0.33663366336633666 0.011111111111111112 0.06930693069306931
0 0.11944444444444445 0.5198019801980198 0.025 0.07425742574257425
0 0.11388888888888889 0.44554455445544555 0.013888888888888888 0.0297029702970297
0 0.1638888888888889 0.504950495049505 0.022222222222222223 0.034653465346534656
0 0.18611111111111112 0.6782178217821783 0.025 0.0297029702970297
0 0.35555555555555557 0.5099009900990099 0.013888888888888888 0.04950495049504951
0 0.38055555555555554 0.7673267326732673 0.022222222222222223 0.0297029702970297
0 0.8555555555555555 0.5346534653465347 0.044444444444444446 0.0297029702970297
0 0.5388888888888889 0.6237623762376238 0.03888888888888889 0.024752475247524754
0 0.6916666666666667 0.2079207920792079 0.005555555555555556 0.054455445544554455
0 0.5388888888888889 0.21782178217821782 0.027777777777777776 0.01485148514851485