5 0.4638888888888889 0.5544554455445545 0.05555555555555555 0.054455445544554455
0 0.625 0.6089108910891089 0.025 0.024752475247524754
0 0.26944444444444443 0.39603960396039606 0.03611111111111111 0.04455445544554455
0 0.19444444444444445 0.3415841584158416 0.019444444444444445 0.10396039603960396
0 0.11666666666666667 0.4207920792079208 0.06111111111111111 0.07425742574257425
0 0.7527777777777778 0.6683168316831684 0.027777777777777776 0.019801980198019802
0 0.7388888888888889 0.599009900990099 0.025 0.034653465346534656
0 0.7416666666666667 0.5544554455445545 0.025 0.04455445544554455
0 0.6166666666666667 0.5495049504950495 0.03611111111111111 0.039603960396039604
0 0.4638888888888889 0.6336633663366337 0.03611111111111111 0.024752475247524754
0 0.5777777777777777 0.3811881188118812 0.011111111111111112 0.039603960396039604
0 0.4861111111111111 0.28217821782178215 0.005555555555555556 0.039603960396039604
0 0.3111111111111111 0.31683168316831684 0.008333333333333333 0.04455445544554455
0 0.2722222222222222 0.15841584158415842 0.025 0.04950495049504951
0 0.22777777777777777 0.04950495049504951 0.016666666666666666 0.034653465346534656
0 0.18888888888888888 0.15346534653465346 0.03611111111111111 0.0297029702970297
0 0.06388888888888888 0.28217821782178215 0.022222222222222223 0.04950495049504951
0 0.1361111111111111 0.6336633663366337 0.025 0.06435643564356436
0 0.3611111111111111 0.7772277227722773 0.008333333333333333 0.0297029702970297
0 0.3611111111111111 0.4900990099009901 0.022222222222222223 0.034653465346534656
0 0.5222222222222223 0.7079207920792079 0.027777777777777776 0.0297029702970297
0 0.6083333333333333 0.6584158415841584 0.011111111111111112 0.019801980198019802
0 0.3333333333333333 0.8118811881188119 0.022222222222222223 0.019801980198019802