0 0.19166666666666668 0.2524752475247525 0.03333333333333333 0.10396039603960396
0 0.26666666666666666 0.1782178217821782 0.016666666666666666 0.04455445544554455
0 0.3055555555555556 0.28217821782178215 0.019444444444444445 0.04455445544554455
0 0.33611111111111114 0.4900990099009901 0.030555555555555555 0.039603960396039604
0 0.4111111111111111 0.5495049504950495 0.03611111111111111 0.024752475247524754
0 0.5 0.6039603960396039 0.013888888888888888 0.0297029702970297
0 0.5666666666666667 0.594059405940594 0.013888888888888888 0.034653465346534656
0 0.19722222222222222 0.5148514851485149 0.044444444444444446 0.06930693069306931
0 0.08888888888888889 0.4158415841584158 0.022222222222222223 0.039603960396039604
0 0.13055555555555556 0.5643564356435643 0.011111111111111112 0.0594059405940594
0 0.14444444444444443 0.504950495049505 0.025 0.01485148514851485
0 0.33611111111111114 0.8811881188118812 0.03888888888888889 0.039603960396039604