0 0.075 0.5643564356435643 0.06944444444444445 0.22277227722772278
0 0.12777777777777777 0.8118811881188119 0.058333333333333334 0.1485148514851485
0 0.08611111111111111 0.6188118811881188 0.03611111111111111 0.12376237623762376
0 0.24722222222222223 0.7722772277227723 0.025 0.09900990099009901
0 0.35 0.8861386138613861 0.016666666666666666 0.10396039603960396
0 0.3388888888888889 0.8465346534653465 0.058333333333333334 0.0297029702970297
0 0.275 0.8960396039603961 0.025 0.019801980198019802
0 0.275 0.3465346534653465 0.027777777777777776 0.06930693069306931
0 0.39166666666666666 0.06930693069306931 0.019444444444444445 0.07425742574257425
0 0.375 0.039603960396039604 0.019444444444444445 0.009900990099009901
0 0.5861111111111111 0.1188118811881188 0.041666666666666664 0.16831683168316833
0 0.7305555555555555 0.4158415841584158 0.022222222222222223 0.08415841584158416
0 0.8055555555555556 0.4603960396039604 0.016666666666666666 0.06435643564356436
5 0.7416666666666667 0.16336633663366337 0.04722222222222222 0.15841584158415842
5 0.44166666666666665 0.27722772277227725 0.06666666666666667 0.0297029702970297
0 0.4111111111111111 0.5198019801980198 0.008333333333333333 0.0594059405940594
0 0.24166666666666667 0.3118811881188119 0.008333333333333333 0.034653465346534656
0 0.5166666666666667 0.18316831683168316 0.022222222222222223 0.06930693069306931
5 0.5361111111111111 0.2871287128712871 0.022222222222222223 0.13366336633663367
0 0.5083333333333333 0.3118811881188119 0.011111111111111112 0.10396039603960396
0 0.45555555555555555 0.39603960396039606 0.022222222222222223 0.07425742574257425
0 0.5222222222222223 0.46534653465346537 0.04722222222222222 0.01485148514851485
0 0.525 0.42574257425742573 0.011111111111111112 0.04455445544554455
0 0.5666666666666667 0.38613861386138615 0.011111111111111112 0.10396039603960396
0 0.775 0.3465346534653465 0.022222222222222223 0.07425742574257425
0 0.7972222222222223 0.10396039603960396 0.030555555555555555 0.06930693069306931
0 0.6222222222222222 0.06930693069306931 0.06388888888888888 0.0297029702970297
0 0.6138888888888889 0.04455445544554455 0.019444444444444445 0.0297029702970297
0 0.8694444444444445 0.06930693069306931 0.027777777777777776 0.07425742574257425
0 0.8527777777777777 0.06930693069306931 0.03333333333333333 0.06930693069306931
0 0.925 0.1188118811881188 0.03888888888888889 0.06930693069306931
0 0.9555555555555556 0.0594059405940594 0.011111111111111112 0.0594059405940594
0 0.9083333333333333 0.19801980198019803 0.027777777777777776 0.06435643564356436
0 0.8944444444444445 0.27722772277227725 0.025 0.07425742574257425
0 0.8444444444444444 0.35148514851485146 0.030555555555555555 0.054455445544554455
0 0.9083333333333333 0.3613861386138614 0.027777777777777776 0.0594059405940594
0 0.9194444444444444 0.3415841584158416 0.011111111111111112 0.04455445544554455
0 0.9805555555555555 0.35148514851485146 0.011111111111111112 0.08415841584158416
0 0.95 0.5247524752475248 0.03333333333333333 0.06435643564356436
0 0.9861111111111112 0.5 0.011111111111111112 0.024752475247524754
0 0.9222222222222223 0.44554455445544555 0.013888888888888888 0.06435643564356436
0 0.875 0.5643564356435643 0.016666666666666666 0.06435643564356436
0 0.25277777777777777 0.8366336633663366 0.002777777777777778 0.024752475247524754
0 0.5 0.6237623762376238 0.005555555555555556 0.04950495049504951
0 0.46944444444444444 0.5693069306930693 0.005555555555555556 0.039603960396039604
0 0.4388888888888889 0.5148514851485149 0.013888888888888888 0.04950495049504951
0 0.5444444444444444 0.49504950495049505 0.002777777777777778 0.04455445544554455
0 0.5777777777777777 0.5742574257425742 0.011111111111111112 0.04950495049504951
0 0.5583333333333333 0.594059405940594 0.011111111111111112 0.039603960396039604
0 0.6777777777777778 0.5693069306930693 0.011111111111111112 0.054455445544554455
0 0.7388888888888889 0.6386138613861386 0.008333333333333333 0.04455445544554455