0 0.3638888888888889 0.8712871287128713 0.058333333333333334 0.1188118811881188
0 0.45 0.8514851485148515 0.04722222222222222 0.09405940594059406
0 0.39166666666666666 0.801980198019802 0.022222222222222223 0.0594059405940594
0 0.36666666666666664 0.9207920792079208 0.05277777777777778 0.09405940594059406
0 0.29444444444444445 0.9306930693069307 0.030555555555555555 0.034653465346534656
0 0.3138888888888889 0.8910891089108911 0.025 0.0594059405940594
0 0.3 0.7970297029702971 0.022222222222222223 0.11386138613861387
0 0.26666666666666666 0.7970297029702971 0.022222222222222223 0.039603960396039604
0 0.2388888888888889 0.8415841584158416 0.016666666666666666 0.06435643564356436
0 0.3111111111111111 0.6435643564356436 0.044444444444444446 0.15346534653465346
5 0.22777777777777777 0.48514851485148514 0.025 0.16831683168316833
0 0.06666666666666667 0.3712871287128713 0.03333333333333333 0.21287128712871287
0 0.016666666666666666 0.6237623762376238 0.030555555555555555 0.06930693069306931
0 0.4083333333333333 0.42574257425742573 0.005555555555555556 0.07425742574257425
0 0.4527777777777778 0.42574257425742573 0.05 0.019801980198019802
0 0.4 0.16831683168316833 0.03611111111111111 0.09900990099009901
0 0.33055555555555555 0.2871287128712871 0.041666666666666664 0.034653465346534656
0 0.33055555555555555 0.20297029702970298 0.019444444444444445 0.06930693069306931
0 0.2638888888888889 0.2524752475247525 0.025 0.024752475247524754
0 0.22777777777777777 0.14356435643564355 0.022222222222222223 0.04950495049504951
0 0.19444444444444445 0.07920792079207921 0.03333333333333333 0.034653465346534656
0 0.5305555555555556 0.08415841584158416 0.016666666666666666 0.10891089108910891
0 0.5055555555555555 0.04950495049504951 0.011111111111111112 0.034653465346534656
0 0.5083333333333333 0.15346534653465346 0.013888888888888888 0.09900990099009901
0 0.48055555555555557 0.22772277227722773 0.005555555555555556 0.07425742574257425
0 0.5388888888888889 0.3316831683168317 0.008333333333333333 0.08415841584158416
0 0.4888888888888889 0.4603960396039604 0.011111111111111112 0.06930693069306931
0 0.475 0.41089108910891087 0.016666666666666666 0.04455445544554455
0 0.5083333333333333 0.4900990099009901 0.011111111111111112 0.06435643564356436
0 0.5777777777777777 0.48514851485148514 0.011111111111111112 0.07425742574257425
0 0.5944444444444444 0.4752475247524752 0.019444444444444445 0.07425742574257425
0 0.5694444444444444 0.38613861386138615 0.008333333333333333 0.04455445544554455
0 0.5722222222222222 0.22277227722772278 0.008333333333333333 0.09405940594059406
0 0.6805555555555556 0.21287128712871287 0.025 0.09405940594059406
0 0.7027777777777777 0.13366336633663367 0.03333333333333333 0.06930693069306931
0 0.8305555555555556 0.0594059405940594 0.075 0.04950495049504951
0 0.7805555555555556 0.04455445544554455 0.019444444444444445 0.024752475247524754
0 0.8527777777777777 0.15346534653465346 0.03333333333333333 0.07920792079207921
0 0.9416666666666667 0.10396039603960396 0.013888888888888888 0.10396039603960396
0 0.9777777777777777 0.16336633663366337 0.027777777777777776 0.054455445544554455
0 0.9861111111111112 0.24752475247524752 0.019444444444444445 0.07920792079207921
0 0.975 0.38613861386138615 0.041666666666666664 0.039603960396039604
0 0.9694444444444444 0.3465346534653465 0.005555555555555556 0.034653465346534656
0 0.9111111111111111 0.2623762376237624 0.022222222222222223 0.04950495049504951
0 0.8555555555555555 0.22772277227722773 0.03888888888888889 0.054455445544554455
0 0.8305555555555556 0.15346534653465346 0.03333333333333333 0.054455445544554455
0 0.8194444444444444 0.2524752475247525 0.041666666666666664 0.08415841584158416
0 0.8888888888888888 0.3069306930693069 0.03611111111111111 0.0594059405940594
0 0.9222222222222223 0.40594059405940597 0.025 0.06930693069306931
0 0.9888888888888889 0.4504950495049505 0.019444444444444445 0.034653465346534656
0 0.75 0.25742574257425743 0.019444444444444445 0.04950495049504951
0 0.7916666666666666 0.3217821782178218 0.016666666666666666 0.07425742574257425
0 0.8527777777777777 0.4207920792079208 0.027777777777777776 0.054455445544554455
0 0.8888888888888888 0.6287128712871287 0.022222222222222223 0.0594059405940594
0 0.9555555555555556 0.6831683168316832 0.05 0.04455445544554455
0 0.6888888888888889 0.7376237623762376 0.011111111111111112 0.0594059405940594
0 0.7305555555555555 0.5891089108910891 0.011111111111111112 0.06435643564356436
0 0.7333333333333333 0.6584158415841584 0.025 0.04455445544554455
0 0.7805555555555556 0.5247524752475248 0.016666666666666666 0.0594059405940594
0 0.6527777777777778 0.3811881188118812 0.008333333333333333 0.07425742574257425
0 0.38055555555555554 0.46534653465346537 0.030555555555555555 0.039603960396039604
0 0.5916666666666667 0.6089108910891089 0.019444444444444445 0.0594059405940594
0 0.6416666666666667 0.5 0.016666666666666666 0.054455445544554455
0 0.7555555555555555 0.41089108910891087 0.013888888888888888 0.039603960396039604
0 0.7166666666666667 0.5346534653465347 0.002777777777777778 0.04950495049504951