5 0.4444444444444444 0.5148514851485149 0.125 0.04950495049504951
5 0.8055555555555556 0.8910891089108911 0.06666666666666667 0.13861386138613863
0 0.3277777777777778 0.7722772277227723 0.07222222222222222 0.15346534653465346
0 0.55 0.9405940594059405 0.04722222222222222 0.10891089108910891
5 0.41944444444444445 0.7029702970297029 0.05277777777777778 0.08415841584158416
0 0.1111111111111111 0.15346534653465346 0.044444444444444446 0.2376237623762376
0 0.03611111111111111 0.10891089108910891 0.06666666666666667 0.15346534653465346
0 0.2722222222222222 0.11386138613861387 0.022222222222222223 0.15841584158415842
0 0.8305555555555556 0.20297029702970298 0.058333333333333334 0.07425742574257425
0 0.4 0.1188118811881188 0.008333333333333333 0.07920792079207921
0 0.29444444444444445 0.10891089108910891 0.025 0.039603960396039604
0 0.275 0.07920792079207921 0.03888888888888889 0.04455445544554455
0 0.4444444444444444 0.10891089108910891 0.041666666666666664 0.10396039603960396
0 0.5444444444444444 0.36633663366336633 0.019444444444444445 0.06930693069306931
0 0.5472222222222223 0.36633663366336633 0.03888888888888889 0.024752475247524754
0 0.5472222222222223 0.39603960396039606 0.005555555555555556 0.04950495049504951
0 0.49444444444444446 0.28217821782178215 0.025 0.09405940594059406
0 0.5277777777777778 0.12871287128712872 0.008333333333333333 0.07425742574257425
0 0.5611111111111111 0.07425742574257425 0.022222222222222223 0.0891089108910891
0 0.6111111111111112 0.1485148514851485 0.011111111111111112 0.10396039603960396
0 0.5888888888888889 0.2524752475247525 0.011111111111111112 0.08415841584158416
0 0.6222222222222222 0.31683168316831684 0.025 0.034653465346534656
0 0.6833333333333333 0.24752475247524752 0.008333333333333333 0.07920792079207921
0 0.6944444444444444 0.09900990099009901 0.022222222222222223 0.09900990099009901
0 0.7972222222222223 0.0594059405940594 0.027777777777777776 0.04950495049504951
0 0.8555555555555555 0.06435643564356436 0.019444444444444445 0.0594059405940594
0 0.9694444444444444 0.04455445544554455 0.04722222222222222 0.034653465346534656
0 0.9916666666666667 0.07425742574257425 0.008333333333333333 0.07425742574257425
0 0.9138888888888889 0.17326732673267325 0.013888888888888888 0.08415841584158416
0 0.8527777777777777 0.1782178217821782 0.025 0.06435643564356436
0 0.8444444444444444 0.18316831683168316 0.025 0.06930693069306931
0 0.75 0.19306930693069307 0.019444444444444445 0.054455445544554455
0 0.8083333333333333 0.25742574257425743 0.016666666666666666 0.06930693069306931
0 0.8722222222222222 0.3415841584158416 0.011111111111111112 0.0891089108910891
0 0.8944444444444445 0.2871287128712871 0.013888888888888888 0.06435643564356436
0 0.9194444444444444 0.3118811881188119 0.025 0.07425742574257425
0 0.975 0.25742574257425743 0.008333333333333333 0.054455445544554455
0 0.9555555555555556 0.6089108910891089 0.016666666666666666 0.06930693069306931
0 0.9361111111111111 0.5495049504950495 0.025 0.10396039603960396
0 0.9027777777777778 0.5891089108910891 0.022222222222222223 0.07425742574257425
0 0.8861111111111111 0.504950495049505 0.016666666666666666 0.054455445544554455
0 0.8305555555555556 0.4752475247524752 0.022222222222222223 0.0594059405940594
0 0.8055555555555556 0.37623762376237624 0.027777777777777776 0.04455445544554455
0 0.7777777777777778 0.43564356435643564 0.016666666666666666 0.04455445544554455
0 0.7527777777777778 0.47029702970297027 0.008333333333333333 0.06930693069306931
0 0.7527777777777778 0.5346534653465347 0.013888888888888888 0.054455445544554455
0 0.7 0.42574257425742573 0.019444444444444445 0.04455445544554455
0 0.6611111111111111 0.41089108910891087 0.022222222222222223 0.07920792079207921
0 0.6305555555555555 0.400990099009901 0.008333333333333333 0.0594059405940594
0 0.4722222222222222 0.43564356435643564 0.058333333333333334 0.0297029702970297
0 0.41388888888888886 0.2722772277227723 0.041666666666666664 0.039603960396039604
0 0.32222222222222224 0.23267326732673269 0.019444444444444445 0.04455445544554455
0 0.23055555555555557 0.400990099009901 0.019444444444444445 0.019801980198019802
0 0.16111111111111112 0.13861386138613863 0.019444444444444445 0.024752475247524754
0 0.5527777777777778 0.2871287128712871 0.011111111111111112 0.06435643564356436
0 0.5861111111111111 0.5247524752475248 0.011111111111111112 0.054455445544554455
0 0.65 0.5396039603960396 0.022222222222222223 0.06435643564356436
0 0.7194444444444444 0.6534653465346535 0.008333333333333333 0.07920792079207921
0 0.7416666666666667 0.6138613861386139 0.025 0.06435643564356436
0 0.4666666666666667 0.7623762376237624 0.013888888888888888 0.06930693069306931
0 0.49722222222222223 0.6485148514851485 0.013888888888888888 0.06435643564356436
0 0.2777777777777778 0.7425742574257426 0.011111111111111112 0.07920792079207921
0 0.3472222222222222 0.6287128712871287 0.011111111111111112 0.11386138613861387
0 0.37777777777777777 0.8217821782178217 0.016666666666666666 0.08415841584158416
0 0.33055555555555555 0.8316831683168316 0.027777777777777776 0.054455445544554455
0 0.33611111111111114 0.8910891089108911 0.05 0.019801980198019802
0 0.2222222222222222 0.8712871287128713 0.011111111111111112 0.039603960396039604
0 0.38333333333333336 0.9405940594059405 0.041666666666666664 0.019801980198019802
0 0.3611111111111111 0.9504950495049505 0.016666666666666666 0.054455445544554455