5 0.6638888888888889 0.2722772277227723 0.030555555555555555 0.2376237623762376
5 0.8333333333333334 0.4405940594059406 0.05555555555555555 0.16336633663366337
5 0.8638888888888889 0.36633663366336633 0.03888888888888889 0.09405940594059406
5 0.37777777777777777 0.7277227722772277 0.08611111111111111 0.1782178217821782
5 0.4722222222222222 0.8267326732673267 0.075 0.11386138613861387
0 0.49166666666666664 0.9554455445544554 0.06388888888888888 0.0891089108910891
0 0.8222222222222222 0.9603960396039604 0.07222222222222222 0.07425742574257425
5 0.14722222222222223 0.4306930693069307 0.10555555555555556 0.1485148514851485
5 0.28888888888888886 0.22277227722772278 0.05 0.15346534653465346
0 0.425 0.42574257425742573 0.03333333333333333 0.08415841584158416
0 0.25833333333333336 0.41089108910891087 0.03333333333333333 0.1188118811881188
0 0.25 0.6881188118811881 0.03888888888888889 0.09405940594059406
0 0.2388888888888889 0.7524752475247525 0.025 0.034653465346534656
0 0.22777777777777777 0.7722772277227723 0.016666666666666666 0.04455445544554455
0 0.2111111111111111 0.7673267326732673 0.013888888888888888 0.0594059405940594
0 0.20277777777777778 0.6633663366336634 0.013888888888888888 0.06930693069306931
0 0.35 0.6138613861386139 0.044444444444444446 0.024752475247524754
0 0.4111111111111111 0.5495049504950495 0.025 0.024752475247524754
0 0.39166666666666666 0.48514851485148514 0.013888888888888888 0.0594059405940594
5 0.4 0.4405940594059406 0.041666666666666664 0.1188118811881188
0 0.4361111111111111 0.32673267326732675 0.008333333333333333 0.0891089108910891
0 0.45555555555555555 0.27722772277227725 0.041666666666666664 0.0297029702970297
0 0.5166666666666667 0.2623762376237624 0.019444444444444445 0.06435643564356436
0 0.3194444444444444 0.07920792079207921 0.008333333333333333 0.06435643564356436
0 0.17777777777777778 0.1485148514851485 0.025 0.07425742574257425
0 0.14444444444444443 0.04950495049504951 0.013888888888888888 0.034653465346534656
0 0.016666666666666666 0.4306930693069307 0.030555555555555555 0.054455445544554455
0 0.33055555555555555 0.054455445544554455 0.008333333333333333 0.039603960396039604
0 0.5055555555555555 0.08415841584158416 0.019444444444444445 0.08415841584158416
0 0.5166666666666667 0.04455445544554455 0.011111111111111112 0.019801980198019802
0 0.5861111111111111 0.11386138613861387 0.022222222222222223 0.07920792079207921
0 0.5972222222222222 0.0594059405940594 0.008333333333333333 0.04950495049504951
0 0.6027777777777777 0.3465346534653465 0.03333333333333333 0.04455445544554455
0 0.6194444444444445 0.297029702970297 0.008333333333333333 0.04950495049504951
0 0.5472222222222223 0.20297029702970298 0.016666666666666666 0.04950495049504951
0 0.6722222222222223 0.10891089108910891 0.019444444444444445 0.06435643564356436
0 0.7111111111111111 0.09900990099009901 0.022222222222222223 0.06930693069306931
0 0.7416666666666667 0.0594059405940594 0.013888888888888888 0.04950495049504951
0 0.7694444444444445 0.0594059405940594 0.008333333333333333 0.054455445544554455
0 0.7861111111111111 0.10396039603960396 0.022222222222222223 0.06930693069306931
0 0.8111111111111111 0.08415841584158416 0.025 0.0891089108910891
0 0.8277777777777777 0.2079207920792079 0.03888888888888889 0.07920792079207921
0 0.875 0.18811881188118812 0.008333333333333333 0.0891089108910891
0 0.9388888888888889 0.04455445544554455 0.008333333333333333 0.0297029702970297
0 0.9583333333333334 0.08415841584158416 0.030555555555555555 0.09900990099009901
0 0.9916666666666667 0.07425742574257425 0.013888888888888888 0.06435643564356436
0 0.9833333333333333 0.3316831683168317 0.011111111111111112 0.06435643564356436
0 0.9777777777777777 0.2376237623762376 0.016666666666666666 0.039603960396039604
0 0.9305555555555556 0.3415841584158416 0.011111111111111112 0.04455445544554455
0 0.775 0.3069306930693069 0.016666666666666666 0.054455445544554455
0 0.8277777777777777 0.31683168316831684 0.03333333333333333 0.019801980198019802
0 0.7722222222222223 0.19801980198019803 0.013888888888888888 0.07425742574257425
0 0.775 0.17326732673267325 0.016666666666666666 0.06930693069306931
0 0.7361111111111112 0.3316831683168317 0.013888888888888888 0.06930693069306931
0 0.7277777777777777 0.31683168316831684 0.022222222222222223 0.039603960396039604
0 0.6916666666666667 0.3316831683168317 0.030555555555555555 0.0594059405940594
0 0.6527777777777778 0.22772277227722773 0.022222222222222223 0.039603960396039604
0 0.6027777777777777 0.4207920792079208 0.022222222222222223 0.04950495049504951
0 0.6472222222222223 0.4405940594059406 0.011111111111111112 0.06930693069306931
0 0.6694444444444444 0.5099009900990099 0.019444444444444445 0.0594059405940594
0 0.6916666666666667 0.5148514851485149 0.005555555555555556 0.08415841584158416
0 0.7111111111111111 0.47029702970297027 0.008333333333333333 0.04455445544554455
0 0.5472222222222223 0.7574257425742574 0.044444444444444446 0.0297029702970297
0 0.4722222222222222 0.41089108910891087 0.016666666666666666 0.04455445544554455
0 0.5666666666666667 0.3910891089108911 0.011111111111111112 0.0297029702970297
0 0.9888888888888889 0.4801980198019802 0.016666666666666666 0.1188118811881188