5 0.48055555555555557 0.7574257425742574 0.1111111111111111 0.2079207920792079
5 0.8638888888888889 0.6732673267326733 0.11666666666666667 0.3217821782178218
5 0.9388888888888889 0.22277227722772278 0.11666666666666667 0.12376237623762376
5 0.8416666666666667 0.0594059405940594 0.11388888888888889 0.054455445544554455
5 0.4777777777777778 0.49504950495049505 0.14166666666666666 0.11386138613861387
5 0.4305555555555556 0.698019801980198 0.06388888888888888 0.17326732673267325
5 0.40555555555555556 0.33663366336633666 0.027777777777777776 0.16831683168316833
5 0.3527777777777778 0.25742574257425743 0.030555555555555555 0.13366336633663367
0 0.011111111111111112 0.18316831683168316 0.016666666666666666 0.21782178217821782
0 0.027777777777777776 0.6138613861386139 0.05 0.09900990099009901
0 0.18888888888888888 0.7277227722772277 0.058333333333333334 0.04950495049504951
0 0.1638888888888889 0.8267326732673267 0.027777777777777776 0.13366336633663367
0 0.2777777777777778 0.9504950495049505 0.06666666666666667 0.07920792079207921
0 0.325 0.900990099009901 0.022222222222222223 0.04455445544554455
0 0.45 0.9158415841584159 0.027777777777777776 0.0297029702970297
0 0.4777777777777778 0.9207920792079208 0.008333333333333333 0.07425742574257425
0 0.5555555555555556 0.9851485148514851 0.013888888888888888 0.024752475247524754
0 0.41388888888888886 0.9752475247524752 0.016666666666666666 0.034653465346534656
0 0.12222222222222222 0.8910891089108911 0.025 0.12871287128712872
0 0.23333333333333334 0.7029702970297029 0.013888888888888888 0.07920792079207921
0 0.18055555555555555 0.6287128712871287 0.030555555555555555 0.08415841584158416
0 0.18888888888888888 0.48514851485148514 0.03333333333333333 0.13366336633663367
0 0.24444444444444444 0.5346534653465347 0.058333333333333334 0.034653465346534656
5 0.36944444444444446 0.5148514851485149 0.027777777777777776 0.1188118811881188
0 0.23055555555555557 0.20297029702970298 0.05 0.14356435643564355
0 0.15555555555555556 0.0891089108910891 0.013888888888888888 0.06930693069306931
0 0.24444444444444444 0.04950495049504951 0.027777777777777776 0.039603960396039604
0 0.325 0.054455445544554455 0.027777777777777776 0.04455445544554455
0 0.5138888888888888 0.19801980198019803 0.027777777777777776 0.06930693069306931
0 0.46944444444444444 0.2079207920792079 0.03333333333333333 0.08415841584158416
0 0.6333333333333333 0.2623762376237624 0.008333333333333333 0.06930693069306931
0 0.575 0.17326732673267325 0.011111111111111112 0.06435643564356436
0 0.49166666666666664 0.3217821782178218 0.016666666666666666 0.034653465346534656
0 0.48333333333333334 0.3811881188118812 0.013888888888888888 0.0594059405940594
0 0.38333333333333336 0.4158415841584158 0.022222222222222223 0.054455445544554455
0 0.26944444444444443 0.3613861386138614 0.008333333333333333 0.04950495049504951
0 0.4222222222222222 0.6089108910891089 0.027777777777777776 0.06435643564356436
0 0.3972222222222222 0.5643564356435643 0.041666666666666664 0.019801980198019802
0 0.6527777777777778 0.43564356435643564 0.016666666666666666 0.06435643564356436
0 0.7055555555555556 0.42574257425742573 0.013888888888888888 0.07425742574257425
0 0.7277777777777777 0.4405940594059406 0.008333333333333333 0.06435643564356436
0 0.75 0.49504950495049505 0.005555555555555556 0.0594059405940594
0 0.8861111111111111 0.42574257425742573 0.041666666666666664 0.08415841584158416
0 0.8972222222222223 0.4207920792079208 0.025 0.034653465346534656
0 0.9833333333333333 0.44554455445544555 0.030555555555555555 0.034653465346534656
0 0.8361111111111111 0.33663366336633666 0.07222222222222222 0.0297029702970297
0 0.8 0.15841584158415842 0.03611111111111111 0.06435643564356436
0 0.9277777777777778 0.0594059405940594 0.041666666666666664 0.0594059405940594
0 0.7138888888888889 0.07425742574257425 0.044444444444444446 0.04455445544554455
0 0.7527777777777778 0.04950495049504951 0.03333333333333333 0.039603960396039604
0 0.6166666666666667 0.04455445544554455 0.016666666666666666 0.0297029702970297
0 0.7055555555555556 0.15346534653465346 0.030555555555555555 0.04455445544554455
0 0.7583333333333333 0.2376237623762376 0.016666666666666666 0.0594059405940594
0 0.7944444444444444 0.20297029702970298 0.011111111111111112 0.039603960396039604
0 0.7888888888888889 0.26732673267326734 0.019444444444444445 0.0297029702970297
0 0.7361111111111112 0.30198019801980197 0.03611111111111111 0.04950495049504951
0 0.6888888888888889 0.3316831683168317 0.027777777777777776 0.054455445544554455
0 0.6388888888888888 0.37623762376237624 0.025 0.054455445544554455
0 0.65 0.297029702970297 0.025 0.0594059405940594
0 0.5833333333333334 0.3415841584158416 0.008333333333333333 0.0594059405940594
0 0.9416666666666667 0.29207920792079206 0.008333333333333333 0.06930693069306931
0 0.9388888888888889 0.2524752475247525 0.03333333333333333 0.0594059405940594