5 0.5611111111111111 0.3465346534653465 0.11388888888888889 0.14356435643564355
5 0.6666666666666666 0.4801980198019802 0.10833333333333334 0.22772277227722773
5 0.9 0.5247524752475248 0.17222222222222222 0.18316831683168316
5 0.8611111111111112 0.28217821782178215 0.11666666666666667 0.1188118811881188
5 0.325 0.6237623762376238 0.13333333333333333 0.1188118811881188
5 0.3111111111111111 0.26732673267326734 0.09444444444444444 0.10396039603960396
5 0.6694444444444444 0.10396039603960396 0.13333333333333333 0.09405940594059406
5 0.9305555555555556 0.7623762376237624 0.030555555555555555 0.19306930693069307
0 0.6694444444444444 0.9752475247524752 0.10277777777777777 0.039603960396039604
5 0.6527777777777778 0.7623762376237624 0.07222222222222222 0.14356435643564355
5 0.13333333333333333 0.49504950495049505 0.025 0.24257425742574257
5 0.38055555555555554 0.4405940594059406 0.07222222222222222 0.04455445544554455
0 0.49722222222222223 0.905940594059406 0.058333333333333334 0.0594059405940594
0 0.5472222222222223 0.8811881188118812 0.044444444444444446 0.039603960396039604
0 0.6666666666666666 0.8712871287128713 0.04722222222222222 0.09405940594059406
0 0.8305555555555556 0.3910891089108911 0.027777777777777776 0.04455445544554455
0 0.9833333333333333 0.3811881188118812 0.027777777777777776 0.009900990099009901
0 0.9833333333333333 0.3613861386138614 0.030555555555555555 0.01485148514851485
0 0.9083333333333333 0.24257425742574257 0.03611111111111111 0.07920792079207921
0 0.8027777777777778 0.38613861386138615 0.022222222222222223 0.04950495049504951
0 0.7944444444444444 0.33663366336633666 0.027777777777777776 0.04950495049504951
0 0.8388888888888889 0.2524752475247525 0.041666666666666664 0.024752475247524754
0 0.9194444444444444 0.10396039603960396 0.04722222222222222 0.019801980198019802
0 0.8472222222222222 0.12871287128712872 0.022222222222222223 0.034653465346534656
0 0.8833333333333333 0.07920792079207921 0.019444444444444445 0.024752475247524754
0 0.8194444444444444 0.09405940594059406 0.027777777777777776 0.009900990099009901
0 0.7638888888888888 0.2079207920792079 0.04722222222222222 0.039603960396039604
0 0.7027777777777777 0.18811881188118812 0.019444444444444445 0.0594059405940594
0 0.7 0.35148514851485146 0.022222222222222223 0.0594059405940594
0 0.7194444444444444 0.297029702970297 0.025 0.0297029702970297
0 0.7805555555555556 0.26732673267326734 0.041666666666666664 0.0297029702970297
0 0.6472222222222223 0.2623762376237624 0.019444444444444445 0.0594059405940594
0 0.5166666666666667 0.3217821782178218 0.008333333333333333 0.054455445544554455
0 0.5611111111111111 0.10891089108910891 0.005555555555555556 0.0891089108910891
0 0.6055555555555555 0.09405940594059406 0.06111111111111111 0.039603960396039604
0 0.6527777777777778 0.09405940594059406 0.030555555555555555 0.0297029702970297
0 0.42777777777777776 0.06930693069306931 0.03333333333333333 0.054455445544554455
0 0.375 0.3118811881188119 0.03333333333333333 0.0594059405940594
0 0.25555555555555554 0.1782178217821782 0.016666666666666666 0.0594059405940594
0 0.18888888888888888 0.45544554455445546 0.019444444444444445 0.09900990099009901
0 0.008333333333333333 0.18811881188118812 0.016666666666666666 0.0297029702970297
0 0.1527777777777778 0.6732673267326733 0.013888888888888888 0.06930693069306931
0 0.20555555555555555 0.7871287128712872 0.025 0.10396039603960396
0 0.225 0.7772277227722773 0.011111111111111112 0.07425742574257425
0 0.32222222222222224 0.8663366336633663 0.011111111111111112 0.12376237623762376
0 0.29444444444444445 0.806930693069307 0.06111111111111111 0.0594059405940594
0 0.34444444444444444 0.8366336633663366 0.03333333333333333 0.07920792079207921
0 0.36666666666666664 0.9603960396039604 0.06388888888888888 0.04455445544554455
0 0.4722222222222222 0.6089108910891089 0.019444444444444445 0.06930693069306931
0 0.39166666666666666 0.5544554455445545 0.019444444444444445 0.04455445544554455
0 0.3 0.5099009900990099 0.011111111111111112 0.054455445544554455
0 0.2777777777777778 0.594059405940594 0.03333333333333333 0.054455445544554455
0 0.49722222222222223 0.5445544554455446 0.005555555555555556 0.07920792079207921
0 0.5722222222222222 0.6039603960396039 0.016666666666666666 0.07425742574257425
0 0.5166666666666667 0.6633663366336634 0.03333333333333333 0.024752475247524754
0 0.5138888888888888 0.6138613861386139 0.03888888888888889 0.019801980198019802
0 0.5527777777777778 0.5544554455445545 0.03333333333333333 0.024752475247524754
0 0.6583333333333333 0.4603960396039604 0.03333333333333333 0.019801980198019802
0 0.9361111111111111 0.3118811881188119 0.03333333333333333 0.024752475247524754