5 0.8722222222222222 0.12871287128712872 0.12777777777777777 0.13366336633663367
5 0.2611111111111111 0.25742574257425743 0.08611111111111111 0.22772277227722773
5 0.49444444444444446 0.26732673267326734 0.1 0.09405940594059406
5 0.6527777777777778 0.1485148514851485 0.08888888888888889 0.06435643564356436
0 0.575 0.06930693069306931 0.09444444444444444 0.08415841584158416
5 0.8527777777777777 0.3564356435643564 0.13333333333333333 0.15346534653465346
5 0.9361111111111111 0.6089108910891089 0.09722222222222222 0.15841584158415842
0 0.7777777777777778 0.3613861386138614 0.125 0.12376237623762376
5 0.5138888888888888 0.5643564356435643 0.08333333333333333 0.17326732673267325
0 0.24444444444444444 0.6237623762376238 0.06388888888888888 0.09405940594059406
5 0.7833333333333333 0.6435643564356436 0.075 0.1188118811881188
0 0.5625 0.9529702970297029 0.11388888888888889 0.09405940594059406
0 0.7305555555555555 0.7821782178217822 0.06944444444444445 0.08415841584158416
0 0.6166666666666667 0.5198019801980198 0.03611111111111111 0.06435643564356436
0 0.4861111111111111 0.40594059405940597 0.06388888888888888 0.04950495049504951
0 0.2777777777777778 0.10891089108910891 0.04722222222222222 0.0297029702970297
0 0.24444444444444444 0.06930693069306931 0.06388888888888888 0.0594059405940594
0 0.20833333333333334 0.1782178217821782 0.08055555555555556 0.09405940594059406
0 0.2833333333333333 0.38613861386138615 0.05 0.06435643564356436
0 0.24444444444444444 0.6534653465346535 0.03333333333333333 0.10891089108910891
0 0.30277777777777776 0.7425742574257426 0.08333333333333333 0.04950495049504951
0 0.33611111111111114 0.9207920792079208 0.06666666666666667 0.04455445544554455
0 0.35833333333333334 0.5495049504950495 0.05555555555555555 0.054455445544554455
0 0.575 0.8366336633663366 0.06944444444444445 0.0594059405940594
0 0.6 0.8415841584158416 0.05 0.04455445544554455
0 0.45555555555555555 0.9702970297029703 0.03611111111111111 0.019801980198019802
0 0.4097222222222222 0.9381188118811881 0.09722222222222222 0.12376237623762376
0 0.9694444444444444 0.9455445544554455 0.05277777777777778 0.06930693069306931
0 0.5138888888888888 0.4801980198019802 0.013888888888888888 0.0594059405940594
0 0.4638888888888889 0.5297029702970297 0.019444444444444445 0.06435643564356436
0 0.37222222222222223 0.4900990099009901 0.03611111111111111 0.034653465346534656
0 0.275 0.44554455445544555 0.019444444444444445 0.04950495049504951
0 0.35833333333333334 0.31683168316831684 0.041666666666666664 0.04455445544554455
0 0.3194444444444444 0.2623762376237624 0.041666666666666664 0.01485148514851485
0 0.375 0.24752475247524752 0.016666666666666666 0.0594059405940594
0 0.18888888888888888 0.04455445544554455 0.022222222222222223 0.0297029702970297
0 0.6944444444444444 0.07425742574257425 0.041666666666666664 0.01485148514851485
0 0.6888888888888889 0.12376237623762376 0.06111111111111111 0.024752475247524754
0 0.7222222222222222 0.17326732673267325 0.03333333333333333 0.04455445544554455
5 0.6722222222222223 0.22277227722772278 0.03888888888888889 0.034653465346534656
0 0.6916666666666667 0.31683168316831684 0.013888888888888888 0.06930693069306931
0 0.7305555555555555 0.27722772277227725 0.030555555555555555 0.01485148514851485
0 0.8527777777777777 0.24752475247524752 0.04722222222222222 0.019801980198019802
0 0.8583333333333333 0.20297029702970298 0.03888888888888889 0.10396039603960396
0 0.9694444444444444 0.2722772277227723 0.06111111111111111 0.09900990099009901
0 0.95 0.12376237623762376 0.05 0.01485148514851485
0 0.7 0.46534653465346537 0.044444444444444446 0.01485148514851485
0 0.575 0.38613861386138615 0.025 0.009900990099009901
0 0.5416666666666666 0.2871287128712871 0.03333333333333333 0.01485148514851485
0 0.9555555555555556 0.4158415841584158 0.05 0.0297029702970297
0 0.8527777777777777 0.10891089108910891 0.027777777777777776 0.01485148514851485
0 0.8138888888888889 0.0594059405940594 0.1111111111111111 0.054455445544554455
0 0.8055555555555556 0.2722772277227723 0.03333333333333333 0.01485148514851485
0 0.8361111111111111 0.29207920792079206 0.027777777777777776 0.019801980198019802