5 0.4888888888888889 0.35148514851485146 0.05555555555555555 0.24257425742574257
5 0.7666666666666667 0.3217821782178218 0.09722222222222222 0.14356435643564355
5 0.8611111111111112 0.18316831683168316 0.1388888888888889 0.16831683168316833
5 0.6722222222222223 0.9356435643564357 0.08333333333333333 0.0594059405940594
5 0.8361111111111111 0.8613861386138614 0.06666666666666667 0.13366336633663367
0 0.6222222222222222 0.9405940594059405 0.058333333333333334 0.0594059405940594
5 0.8944444444444445 0.504950495049505 0.05 0.16336633663366337
5 0.8305555555555556 0.4801980198019802 0.06944444444444445 0.15841584158415842
0 0.7833333333333333 0.5445544554455446 0.075 0.10891089108910891
0 0.7 0.7128712871287128 0.06388888888888888 0.09900990099009901
5 0.325 0.7821782178217822 0.09444444444444444 0.04950495049504951
0 0.3055555555555556 0.8564356435643564 0.09444444444444444 0.07920792079207921
0 0.3 0.9207920792079208 0.07222222222222222 0.0297029702970297
5 0.275 0.5396039603960396 0.10277777777777777 0.0891089108910891
0 0.30833333333333335 0.10891089108910891 0.10277777777777777 0.15841584158415842
0 0.30833333333333335 0.11386138613861387 0.08055555555555556 0.1188118811881188
0 0.4027777777777778 0.0594059405940594 0.05555555555555555 0.0297029702970297
0 0.5444444444444444 0.0891089108910891 0.041666666666666664 0.0049504950495049506
0 0.5777777777777777 0.07920792079207921 0.06666666666666667 0.09900990099009901
5 0.6694444444444444 0.14356435643564355 0.06944444444444445 0.12871287128712872
0 0.8277777777777777 0.08415841584158416 0.06388888888888888 0.10396039603960396
0 0.9583333333333334 0.15841584158415842 0.08055555555555556 0.10396039603960396
0 0.9833333333333333 0.8267326732673267 0.027777777777777776 0.0891089108910891
0 0.8694444444444445 0.9851485148514851 0.06111111111111111 0.0297029702970297
0 0.5444444444444444 0.8118811881188119 0.06111111111111111 0.0594059405940594
0 0.4027777777777778 0.9801980198019802 0.04722222222222222 0.034653465346534656
0 0.24166666666666667 0.8316831683168316 0.019444444444444445 0.07920792079207921
0 0.23333333333333334 0.8366336633663366 0.011111111111111112 0.06930693069306931
0 0.21944444444444444 0.6386138613861386 0.030555555555555555 0.07425742574257425
0 0.15555555555555556 0.7227722772277227 0.030555555555555555 0.04950495049504951
0 0.013888888888888888 0.599009900990099 0.025 0.034653465346534656
0 0.19722222222222222 0.5346534653465347 0.025 0.07920792079207921
0 0.5833333333333334 0.43564356435643564 0.03611111111111111 0.07425742574257425
0 0.8027777777777778 0.12376237623762376 0.06944444444444445 0.07920792079207921
0 0.8083333333333333 0.04950495049504951 0.019444444444444445 0.039603960396039604
0 0.9055555555555556 0.04950495049504951 0.044444444444444446 0.019801980198019802
0 0.5138888888888888 0.400990099009901 0.058333333333333334 0.034653465346534656
0 0.49444444444444446 0.27722772277227725 0.06666666666666667 0.0891089108910891
0 0.5305555555555556 0.3118811881188119 0.03611111111111111 0.01485148514851485
0 0.6444444444444445 0.28217821782178215 0.030555555555555555 0.054455445544554455
0 0.6472222222222223 0.21782178217821782 0.030555555555555555 0.034653465346534656
0 0.6694444444444444 0.16336633663366337 0.05277777777777778 0.039603960396039604
0 0.6805555555555556 0.19306930693069307 0.03888888888888889 0.009900990099009901
0 0.6833333333333333 0.13861386138613863 0.022222222222222223 0.01485148514851485
0 0.30277777777777776 0.33663366336633666 0.041666666666666664 0.08415841584158416
0 0.32222222222222224 0.20297029702970298 0.05277777777777778 0.019801980198019802
0 0.35833333333333334 0.2079207920792079 0.06666666666666667 0.0297029702970297
0 0.21944444444444444 0.12376237623762376 0.016666666666666666 0.0297029702970297
0 0.33611111111111114 0.27722772277227725 0.041666666666666664 0.019801980198019802
0 0.34444444444444444 0.36633663366336633 0.03333333333333333 0.0297029702970297
0 0.41388888888888886 0.4504950495049505 0.013888888888888888 0.06930693069306931
5 0.37222222222222223 0.5 0.04722222222222222 0.054455445544554455
0 0.7305555555555555 0.806930693069307 0.022222222222222223 0.06930693069306931
0 0.5805555555555556 0.801980198019802 0.03611111111111111 0.019801980198019802
0 0.9638888888888889 0.38613861386138615 0.044444444444444446 0.0297029702970297
0 0.7444444444444445 0.38613861386138615 0.027777777777777776 0.039603960396039604
0 0.8027777777777778 0.09405940594059406 0.03611111111111111 0.01485148514851485