5 0.5222222222222223 0.26732673267326734 0.1638888888888889 0.2376237623762376
5 0.4305555555555556 0.7623762376237624 0.17777777777777778 0.2871287128712871
5 0.5388888888888889 0.6584158415841584 0.1527777777777778 0.08415841584158416
5 0.6222222222222222 0.8564356435643564 0.20555555555555555 0.16336633663366337
0 0.8555555555555555 0.8564356435643564 0.1527777777777778 0.11386138613861387
5 0.6555555555555556 0.7326732673267327 0.06666666666666667 0.09405940594059406
0 0.8722222222222222 0.5742574257425742 0.06944444444444445 0.12871287128712872
5 0.28055555555555556 0.37623762376237624 0.10277777777777777 0.07920792079207921
0 0.17222222222222222 0.7326732673267327 0.13055555555555556 0.1782178217821782
0 0.075 0.41089108910891087 0.09166666666666666 0.19801980198019803
0 0.25277777777777777 0.8762376237623762 0.03888888888888889 0.06930693069306931
0 0.21666666666666667 0.8514851485148515 0.030555555555555555 0.034653465346534656
0 0.2722222222222222 0.7524752475247525 0.03611111111111111 0.06435643564356436
0 0.2 0.6089108910891089 0.03333333333333333 0.06930693069306931
0 0.175 0.42574257425742573 0.025 0.08415841584158416
0 0.4222222222222222 0.12871287128712872 0.06944444444444445 0.08415841584158416
0 0.4166666666666667 0.1485148514851485 0.075 0.039603960396039604
0 0.5611111111111111 0.1188118811881188 0.09444444444444444 0.04950495049504951
0 0.6888888888888889 0.06930693069306931 0.044444444444444446 0.06930693069306931
0 0.6972222222222222 0.31683168316831684 0.07222222222222222 0.07920792079207921
0 0.6583333333333333 0.2524752475247525 0.016666666666666666 0.11386138613861387
0 0.7083333333333334 0.24257425742574257 0.04722222222222222 0.0297029702970297
0 0.8361111111111111 0.24752475247524752 0.044444444444444446 0.06435643564356436
0 0.9583333333333334 0.6584158415841584 0.08055555555555556 0.13366336633663367
0 0.9444444444444444 0.06930693069306931 0.06111111111111111 0.07425742574257425
0 0.9055555555555556 0.04455445544554455 0.05277777777777778 0.024752475247524754
0 0.7861111111111111 0.09900990099009901 0.06388888888888888 0.034653465346534656
0 0.7527777777777778 0.13861386138613863 0.03333333333333333 0.01485148514851485
0 0.7416666666666667 0.15841584158415842 0.030555555555555555 0.019801980198019802
0 0.7638888888888888 0.16336633663366337 0.04722222222222222 0.019801980198019802
0 0.8805555555555555 0.20297029702970298 0.03333333333333333 0.0297029702970297
0 0.8972222222222223 0.09900990099009901 0.027777777777777776 0.024752475247524754
0 0.6027777777777777 0.04455445544554455 0.044444444444444446 0.0297029702970297
0 0.825 0.7029702970297029 0.025 0.07920792079207921
0 0.7972222222222223 0.3613861386138614 0.03611111111111111 0.034653465346534656
0 0.8805555555555555 0.24752475247524752 0.03888888888888889 0.024752475247524754
0 0.8972222222222223 0.3316831683168317 0.027777777777777776 0.034653465346534656
0 0.8833333333333333 0.44554455445544555 0.03611111111111111 0.0297029702970297
0 0.20555555555555555 0.3712871287128713 0.025 0.0594059405940594
0 0.18333333333333332 0.11386138613861387 0.03333333333333333 0.01485148514851485
0 0.25 0.06930693069306931 0.016666666666666666 0.0594059405940594
0 0.3333333333333333 0.19801980198019803 0.03611111111111111 0.0594059405940594
0 0.38333333333333336 0.22277227722772278 0.03333333333333333 0.0297029702970297
0 0.4111111111111111 0.18316831683168316 0.030555555555555555 0.039603960396039604
0 0.46111111111111114 0.4207920792079208 0.05555555555555555 0.0594059405940594
0 0.5194444444444445 0.36633663366336633 0.04722222222222222 0.04455445544554455
0 0.5888888888888889 0.30198019801980197 0.03333333333333333 0.0049504950495049506
0 0.37777777777777777 0.3811881188118812 0.041666666666666664 0.01485148514851485
0 0.475 0.5247524752475248 0.03333333333333333 0.0297029702970297
0 0.275 0.7079207920792079 0.06388888888888888 0.0297029702970297
0 0.3388888888888889 0.8118811881188119 0.025 0.054455445544554455
0 0.39166666666666666 0.8811881188118812 0.058333333333333334 0.04950495049504951
0 0.38055555555555554 0.9504950495049505 0.027777777777777776 0.0594059405940594
0 0.4 0.9752475247524752 0.019444444444444445 0.04455445544554455
0 0.44166666666666665 0.9158415841584159 0.019444444444444445 0.04455445544554455
0 0.7638888888888888 0.2722772277227723 0.027777777777777776 0.019801980198019802
0 0.7555555555555555 0.40594059405940597 0.022222222222222223 0.0297029702970297
0 0.7555555555555555 0.5 0.03611111111111111 0.0297029702970297