0 0.6361111111111111 0.18316831683168316 0.2 0.3069306930693069
0 0.8166666666666667 0.09900990099009901 0.08333333333333333 0.13861386138613863
0 0.7194444444444444 0.42574257425742573 0.10555555555555556 0.19306930693069307
0 0.8583333333333333 0.18811881188118812 0.06388888888888888 0.06435643564356436
0 0.9277777777777778 0.1782178217821782 0.1111111111111111 0.08415841584158416
0 0.3861111111111111 0.36633663366336633 0.05555555555555555 0.17326732673267325
0 0.33611111111111114 0.6584158415841584 0.075 0.19801980198019803
0 0.46111111111111114 0.6336633663366337 0.058333333333333334 0.08415841584158416
0 0.4527777777777778 0.7029702970297029 0.06388888888888888 0.06930693069306931
0 0.49722222222222223 0.7029702970297029 0.07777777777777778 0.0297029702970297
0 0.5166666666666667 0.7871287128712872 0.041666666666666664 0.0594059405940594
0 0.36666666666666664 0.8613861386138614 0.03611111111111111 0.0594059405940594
0 0.35 0.8514851485148515 0.041666666666666664 0.04455445544554455
0 0.26666666666666666 0.8613861386138614 0.013888888888888888 0.034653465346534656
0 0.3472222222222222 0.14356435643564355 0.041666666666666664 0.04950495049504951
0 0.21666666666666667 0.3465346534653465 0.011111111111111112 0.054455445544554455
0 0.33611111111111114 0.06435643564356436 0.016666666666666666 0.0594059405940594
0 0.5111111111111111 0.19801980198019803 0.025 0.054455445544554455
0 0.5166666666666667 0.2376237623762376 0.05 0.009900990099009901
0 0.6472222222222223 0.06930693069306931 0.06111111111111111 0.01485148514851485
0 0.4888888888888889 0.31683168316831684 0.05 0.04455445544554455
0 0.42777777777777776 0.44554455445544555 0.030555555555555555 0.0297029702970297
0 0.525 0.39603960396039606 0.04722222222222222 0.019801980198019802
0 0.6222222222222222 0.33663366336633666 0.05277777777777778 0.039603960396039604
0 0.6611111111111111 0.3613861386138614 0.058333333333333334 0.08415841584158416
0 0.6722222222222223 0.35148514851485146 0.05555555555555555 0.01485148514851485
0 0.7138888888888889 0.3069306930693069 0.03333333333333333 0.01485148514851485
0 0.7333333333333333 0.12871287128712872 0.011111111111111112 0.04455445544554455
0 0.8194444444444444 0.25742574257425743 0.022222222222222223 0.024752475247524754
0 0.9583333333333334 0.2376237623762376 0.05 0.0594059405940594
0 0.9638888888888889 0.10891089108910891 0.058333333333333334 0.07425742574257425
0 0.8805555555555555 0.14356435643564355 0.03333333333333333 0.039603960396039604
0 0.9722222222222222 0.32673267326732675 0.05 0.06435643564356436
0 0.5722222222222222 0.8712871287128713 0.03333333333333333 0.054455445544554455
0 0.5777777777777777 0.9306930693069307 0.03611111111111111 0.04455445544554455
0 0.5722222222222222 0.9777227722772277 0.06111111111111111 0.04455445544554455
0 0.45555555555555555 0.9727722772277227 0.044444444444444446 0.054455445544554455
0 0.9083333333333333 0.7128712871287128 0.09444444444444444 0.11386138613861387
0 0.9138888888888889 0.8564356435643564 0.08888888888888889 0.09900990099009901
0 0.9472222222222222 0.6089108910891089 0.016666666666666666 0.0891089108910891
0 0.7861111111111111 0.8267326732673267 0.044444444444444446 0.024752475247524754
0 0.5583333333333333 0.5198019801980198 0.03333333333333333 0.04455445544554455
0 0.5972222222222222 0.5247524752475248 0.03611111111111111 0.01485148514851485
0 0.8944444444444445 0.36633663366336633 0.03333333333333333 0.034653465346534656