5 0.6222222222222222 0.25742574257425743 0.10833333333333334 0.25742574257425743
5 0.5361111111111111 0.6683168316831684 0.11944444444444445 0.15346534653465346
0 0.6472222222222223 0.6534653465346535 0.09722222222222222 0.10396039603960396
5 0.9083333333333333 0.5297029702970297 0.13333333333333333 0.13366336633663367
0 0.475 0.8663366336633663 0.05 0.06435643564356436
0 0.43333333333333335 0.9257425742574258 0.022222222222222223 0.0594059405940594
0 0.5972222222222222 0.8910891089108911 0.041666666666666664 0.07425742574257425
0 0.625 0.7821782178217822 0.05 0.08415841584158416
0 0.6361111111111111 0.806930693069307 0.044444444444444446 0.06435643564356436
0 0.6027777777777777 0.7920792079207921 0.05555555555555555 0.034653465346534656
0 0.975 0.7920792079207921 0.044444444444444446 0.08415841584158416
0 0.975 0.7178217821782178 0.05 0.06930693069306931
0 0.7722222222222223 0.3118811881188119 0.08055555555555556 0.04455445544554455
0 0.725 0.3465346534653465 0.03611111111111111 0.039603960396039604
0 0.7527777777777778 0.30198019801980197 0.027777777777777776 0.039603960396039604
0 0.7388888888888889 0.297029702970297 0.025 0.0297029702970297
0 0.6833333333333333 0.3316831683168317 0.04722222222222222 0.0297029702970297
0 0.7194444444444444 0.3811881188118812 0.05277777777777778 0.01485148514851485
0 0.7 0.15346534653465346 0.06111111111111111 0.0297029702970297
0 0.7416666666666667 0.07425742574257425 0.06111111111111111 0.04455445544554455
0 0.8611111111111112 0.04950495049504951 0.027777777777777776 0.0297029702970297
0 0.9027777777777778 0.16336633663366337 0.03611111111111111 0.09405940594059406
0 0.9638888888888889 0.13861386138613863 0.06388888888888888 0.21287128712871287
0 0.9472222222222222 0.16336633663366337 0.04722222222222222 0.07920792079207921
0 0.9638888888888889 0.25742574257425743 0.041666666666666664 0.0594059405940594
0 0.9861111111111112 0.2524752475247525 0.025 0.0297029702970297
0 0.4777777777777778 0.1782178217821782 0.05555555555555555 0.04950495049504951
0 0.3611111111111111 0.054455445544554455 0.025 0.04455445544554455
0 0.2222222222222222 0.3118811881188119 0.025 0.04950495049504951
0 0.3416666666666667 0.806930693069307 0.03333333333333333 0.01485148514851485
0 0.4444444444444444 0.8415841584158416 0.04722222222222222 0.04455445544554455
0 0.8388888888888889 0.8267326732673267 0.041666666666666664 0.024752475247524754
0 0.42777777777777776 0.7227722772277227 0.044444444444444446 0.04455445544554455
0 0.40555555555555556 0.8168316831683168 0.019444444444444445 0.0297029702970297
0 0.4583333333333333 0.504950495049505 0.030555555555555555 0.034653465346534656
0 0.5222222222222223 0.5099009900990099 0.027777777777777776 0.04950495049504951
0 0.6333333333333333 0.5099009900990099 0.025 0.0297029702970297
0 0.5611111111111111 0.4207920792079208 0.05 0.024752475247524754
0 0.6083333333333333 0.42574257425742573 0.05 0.01485148514851485
0 0.7472222222222222 0.21782178217821782 0.013888888888888888 0.0297029702970297
0 0.5277777777777778 0.19801980198019803 0.008333333333333333 0.06930693069306931
0 0.5666666666666667 0.297029702970297 0.03888888888888889 0.019801980198019802
0 0.8722222222222222 0.1782178217821782 0.022222222222222223 0.039603960396039604
0 0.9083333333333333 0.12376237623762376 0.025 0.04455445544554455
0 0.8333333333333334 0.2871287128712871 0.030555555555555555 0.019801980198019802
0 0.8888888888888888 0.3811881188118812 0.03611111111111111 0.024752475247524754