5 0.5555555555555556 0.5891089108910891 0.11388888888888889 0.2376237623762376
5 0.6666666666666666 0.5445544554455446 0.08333333333333333 0.2623762376237624
0 0.9111111111111111 0.35148514851485146 0.175 0.25742574257425743
0 0.9666666666666667 0.693069306930693 0.06388888888888888 0.13861386138613863
0 0.9694444444444444 0.6386138613861386 0.058333333333333334 0.0891089108910891
5 0.6083333333333333 0.7178217821782178 0.06944444444444445 0.1188118811881188
5 0.4083333333333333 0.7524752475247525 0.025 0.18316831683168316
0 0.36944444444444446 0.8316831683168316 0.027777777777777776 0.04950495049504951
0 0.4722222222222222 0.806930693069307 0.041666666666666664 0.08415841584158416
0 0.4 0.8564356435643564 0.016666666666666666 0.034653465346534656
0 0.36944444444444446 0.7821782178217822 0.03888888888888889 0.0297029702970297
0 0.43333333333333335 0.7821782178217822 0.027777777777777776 0.04455445544554455
0 0.4722222222222222 0.6534653465346535 0.030555555555555555 0.034653465346534656
0 0.475 0.6138613861386139 0.019444444444444445 0.0297029702970297
0 0.44166666666666665 0.5445544554455446 0.03888888888888889 0.01485148514851485
0 0.46111111111111114 0.45544554455445546 0.013888888888888888 0.0594059405940594
0 0.5722222222222222 0.4504950495049505 0.04722222222222222 0.01485148514851485
0 0.6277777777777778 0.4306930693069307 0.04722222222222222 0.01485148514851485
0 0.5888888888888889 0.8514851485148515 0.011111111111111112 0.034653465346534656
0 0.8138888888888889 0.8168316831683168 0.05 0.024752475247524754
0 0.7694444444444445 0.3564356435643564 0.08333333333333333 0.04455445544554455
0 0.6944444444444444 0.3811881188118812 0.05 0.034653465346534656
0 0.675 0.3217821782178218 0.041666666666666664 0.0297029702970297
0 0.7416666666666667 0.2623762376237624 0.044444444444444446 0.09405940594059406
0 0.5611111111111111 0.31683168316831684 0.041666666666666664 0.01485148514851485
0 0.5083333333333333 0.18316831683168316 0.044444444444444446 0.06930693069306931
0 0.4888888888888889 0.1782178217821782 0.022222222222222223 0.0297029702970297
0 0.5916666666666667 0.06435643564356436 0.011111111111111112 0.06435643564356436
0 0.6694444444444444 0.18811881188118812 0.058333333333333334 0.04950495049504951
0 0.7222222222222222 0.07920792079207921 0.03611111111111111 0.024752475247524754
0 0.7444444444444445 0.06435643564356436 0.03888888888888889 0.0594059405940594
0 0.8555555555555555 0.06930693069306931 0.04722222222222222 0.06930693069306931
0 0.8277777777777777 0.12871287128712872 0.016666666666666666 0.04455445544554455
0 0.8861111111111111 0.06930693069306931 0.022222222222222223 0.06435643564356436
0 0.9638888888888889 0.09900990099009901 0.041666666666666664 0.0594059405940594
0 0.975 0.14356435643564355 0.044444444444444446 0.034653465346534656
0 0.9694444444444444 0.21287128712871287 0.058333333333333334 0.0594059405940594
0 0.9138888888888889 0.24752475247524752 0.03888888888888889 0.06435643564356436
0 0.8638888888888889 0.21782178217821782 0.03888888888888889 0.034653465346534656
0 0.7111111111111111 0.25742574257425743 0.030555555555555555 0.019801980198019802