5 0.7833333333333333 0.5148514851485149 0.15555555555555556 0.15346534653465346
0 0.7916666666666666 0.12871287128712872 0.18055555555555555 0.19306930693069307
0 0.26944444444444443 0.15841584158415842 0.06666666666666667 0.2524752475247525
5 0.21666666666666667 0.49504950495049505 0.05555555555555555 0.2079207920792079
5 0.41944444444444445 0.5742574257425742 0.025 0.14356435643564355
0 0.4 0.693069306930693 0.025 0.06435643564356436
5 0.5555555555555556 0.8415841584158416 0.03611111111111111 0.16336633663366337
0 0.7777777777777778 0.2376237623762376 0.027777777777777776 0.1188118811881188
0 0.8222222222222222 0.27722772277227725 0.058333333333333334 0.04455445544554455
0 0.9694444444444444 0.08415841584158416 0.05555555555555555 0.0594059405940594
0 0.7666666666666667 0.07920792079207921 0.06111111111111111 0.054455445544554455
0 0.5722222222222222 0.18811881188118812 0.03333333333333333 0.07425742574257425
0 0.41944444444444445 0.054455445544554455 0.044444444444444446 0.019801980198019802
0 0.6222222222222222 0.3118811881188119 0.030555555555555555 0.0594059405940594
0 0.7111111111111111 0.3415841584158416 0.027777777777777776 0.07920792079207921
0 0.7722222222222223 0.3811881188118812 0.04722222222222222 0.024752475247524754
0 0.9111111111111111 0.3069306930693069 0.041666666666666664 0.04455445544554455
0 0.8555555555555555 0.18811881188118812 0.013888888888888888 0.04455445544554455
0 0.8916666666666667 0.8712871287128713 0.12222222222222222 0.10891089108910891
0 0.7166666666666667 0.9653465346534653 0.07222222222222222 0.06435643564356436
0 0.5472222222222223 0.6237623762376238 0.05555555555555555 0.06435643564356436
0 0.6083333333333333 0.42574257425742573 0.03333333333333333 0.08415841584158416