5 0.5583333333333333 0.5346534653465347 0.13333333333333333 0.08415841584158416
0 0.48333333333333334 0.16831683168316833 0.07222222222222222 0.28217821782178215
5 0.5472222222222223 0.42574257425742573 0.025 0.29207920792079206
0 0.8361111111111111 0.7970297029702971 0.10833333333333334 0.11386138613861387
0 0.5333333333333333 0.6188118811881188 0.05277777777777778 0.07920792079207921
0 0.7111111111111111 0.5643564356435643 0.05 0.054455445544554455
0 0.275 0.8960396039603961 0.03333333333333333 0.034653465346534656
0 0.8777777777777778 0.9108910891089109 0.05555555555555555 0.09405940594059406
0 0.6611111111111111 0.3712871287128713 0.03333333333333333 0.04950495049504951
0 0.4444444444444444 0.0891089108910891 0.013888888888888888 0.039603960396039604
0 0.6972222222222222 0.10396039603960396 0.025 0.06435643564356436
0 0.725 0.3564356435643564 0.03888888888888889 0.039603960396039604
0 0.8138888888888889 0.3217821782178218 0.03333333333333333 0.054455445544554455
0 0.9166666666666666 0.3069306930693069 0.04722222222222222 0.039603960396039604
0 0.9027777777777778 0.1485148514851485 0.041666666666666664 0.06930693069306931
0 0.8666666666666667 0.12871287128712872 0.05 0.019801980198019802
0 0.8666666666666667 0.07920792079207921 0.011111111111111112 0.0594059405940594
0 0.875 0.3811881188118812 0.027777777777777776 0.0297029702970297