5 0.5027777777777778 0.3069306930693069 0.03333333333333333 0.2524752475247525
0 0.4666666666666667 0.12376237623762376 0.03333333333333333 0.1782178217821782
5 0.4 0.5742574257425742 0.027777777777777776 0.13366336633663367
0 0.8916666666666667 0.7871287128712872 0.10277777777777777 0.11386138613861387
0 0.5611111111111111 0.5594059405940595 0.027777777777777776 0.09405940594059406
0 0.33055555555555555 0.8316831683168316 0.027777777777777776 0.0297029702970297
0 0.8666666666666667 0.9356435643564357 0.044444444444444446 0.10396039603960396
0 0.8638888888888889 0.8514851485148515 0.03333333333333333 0.07920792079207921
0 0.7305555555555555 0.5198019801980198 0.03333333333333333 0.0594059405940594
0 0.8888888888888888 0.35148514851485146 0.03611111111111111 0.04950495049504951
0 0.8555555555555555 0.39603960396039606 0.025 0.024752475247524754
0 0.8805555555555555 0.13861386138613863 0.03611111111111111 0.06930693069306931
0 0.825 0.0594059405940594 0.013888888888888888 0.039603960396039604
0 0.7027777777777777 0.04950495049504951 0.016666666666666666 0.0297029702970297
0 0.4305555555555556 0.14356435643564355 0.002777777777777778 0.04950495049504951
0 0.8 0.3613861386138614 0.027777777777777776 0.019801980198019802