1 0.4111111111111111 0.7772277227722773 0.03611111111111111 0.01485148514851485
1 0.5888888888888889 0.6881188118811881 0.03333333333333333 0.034653465346534656
1 0.5583333333333333 0.7475247524752475 0.05277777777777778 0.039603960396039604
1 0.6305555555555555 0.8118811881188119 0.044444444444444446 0.019801980198019802
1 0.5694444444444444 0.8168316831683168 0.030555555555555555 0.019801980198019802
0 0.775 0.7772277227722773 0.044444444444444446 0.019801980198019802
1 0.7666666666666667 0.8267326732673267 0.05 0.054455445544554455
1 0.8194444444444444 0.8762376237623762 0.044444444444444446 0.04455445544554455
0 0.8888888888888888 0.5148514851485149 0.05277777777777778 0.019801980198019802
0 0.9361111111111111 0.5742574257425742 0.05 0.024752475247524754
0 0.9555555555555556 0.6089108910891089 0.04722222222222222 0.024752475247524754
0 0.9722222222222222 0.6534653465346535 0.05277777777777778 0.04455445544554455