1 0.6444444444444445 0.7425742574257426 0.05277777777777778 0.04455445544554455
1 0.6916666666666667 0.8663366336633663 0.058333333333333334 0.04455445544554455
0 0.7805555555555556 0.7673267326732673 0.022222222222222223 0.024752475247524754
1 0.7805555555555556 0.3712871287128713 0.16666666666666666 0.14356435643564355
1 0.7527777777777778 0.28217821782178215 0.07222222222222222 0.009900990099009901
0 0.8111111111111111 0.07425742574257425 0.05 0.0594059405940594
0 0.9805555555555555 0.16831683168316833 0.019444444444444445 0.12376237623762376
0 0.75 0.9356435643564357 0.03611111111111111 0.08415841584158416
0 0.8944444444444445 0.7029702970297029 0.027777777777777776 0.0297029702970297
0 0.8611111111111112 0.8564356435643564 0.016666666666666666 0.04455445544554455
0 0.4388888888888889 0.6386138613861386 0.019444444444444445 0.04455445544554455
0 0.4583333333333333 0.7623762376237624 0.013888888888888888 0.01485148514851485
0 0.48333333333333334 0.7475247524752475 0.011111111111111112 0.019801980198019802