1 0.4361111111111111 0.37623762376237624 0.10833333333333334 0.0891089108910891
1 0.49444444444444446 0.29207920792079206 0.06666666666666667 0.09405940594059406
1 0.2638888888888889 0.3217821782178218 0.14444444444444443 0.15841584158415842
1 0.21388888888888888 0.4158415841584158 0.08055555555555556 0.12376237623762376
0 0.18611111111111112 0.5495049504950495 0.008333333333333333 0.10396039603960396
1 0.08888888888888889 0.7029702970297029 0.08888888888888889 0.12376237623762376
1 0.36666666666666664 0.6237623762376238 0.10833333333333334 0.08415841584158416
1 0.26944444444444443 0.7623762376237624 0.09166666666666666 0.0891089108910891
0 0.3055555555555556 0.7970297029702971 0.04722222222222222 0.12376237623762376
1 0.5166666666666667 0.7970297029702971 0.03333333333333333 0.0297029702970297
0 0.5388888888888889 0.7574257425742574 0.03888888888888889 0.04455445544554455
0 0.5527777777777778 0.7722772277227723 0.030555555555555555 0.034653465346534656
0 0.4861111111111111 0.8168316831683168 0.025 0.039603960396039604
0 0.45555555555555555 0.8564356435643564 0.04722222222222222 0.04455445544554455
0 0.4166666666666667 0.8316831683168316 0.016666666666666666 0.0297029702970297
0 0.6777777777777778 0.9158415841584159 0.06666666666666667 0.0297029702970297
0 0.6111111111111112 0.8366336633663366 0.027777777777777776 0.0594059405940594
0 0.6555555555555556 0.8613861386138614 0.03611111111111111 0.019801980198019802
0 0.625 0.7425742574257426 0.030555555555555555 0.01485148514851485
1 0.6583333333333333 0.693069306930693 0.11944444444444445 0.06930693069306931
0 0.6722222222222223 0.7376237623762376 0.025 0.0297029702970297
0 0.7027777777777777 0.806930693069307 0.03611111111111111 0.04455445544554455
0 0.6361111111111111 0.806930693069307 0.030555555555555555 0.019801980198019802
0 0.6111111111111112 0.7821782178217822 0.025 0.01485148514851485
0 0.75 0.8217821782178217 0.030555555555555555 0.039603960396039604
0 0.7333333333333333 0.5841584158415841 0.08333333333333333 0.039603960396039604
0 0.6722222222222223 0.6237623762376238 0.03333333333333333 0.0594059405940594
0 0.7222222222222222 0.297029702970297 0.18333333333333332 0.19801980198019803
0 0.8138888888888889 0.3069306930693069 0.022222222222222223 0.11386138613861387
0 0.6638888888888889 0.2524752475247525 0.041666666666666664 0.07920792079207921
0 0.9222222222222223 0.25742574257425743 0.058333333333333334 0.0891089108910891
0 0.10555555555555556 0.806930693069307 0.07777777777777778 0.01485148514851485