0 0.6583333333333333 0.5099009900990099 0.08333333333333333 0.10396039603960396
0 0.5666666666666667 0.5643564356435643 0.1 0.04950495049504951
0 0.575 0.6633663366336634 0.06388888888888888 0.034653465346534656
0 0.6305555555555555 0.7277227722772277 0.04722222222222222 0.08415841584158416
0 0.6277777777777778 0.6584158415841584 0.03888888888888889 0.034653465346534656
0 0.7833333333333333 0.5643564356435643 0.06944444444444445 0.13861386138613863
0 0.7388888888888889 0.6732673267326733 0.041666666666666664 0.04455445544554455
0 0.7111111111111111 0.7524752475247525 0.041666666666666664 0.034653465346534656
0 0.6527777777777778 0.7475247524752475 0.058333333333333334 0.0594059405940594
0 0.5833333333333334 0.7920792079207921 0.044444444444444446 0.0297029702970297
0 0.3277777777777778 0.6485148514851485 0.019444444444444445 0.0891089108910891
0 0.3055555555555556 0.8168316831683168 0.08333333333333333 0.1188118811881188
0 0.35555555555555557 0.7920792079207921 0.041666666666666664 0.11386138613861387
0 0.16111111111111112 0.8118811881188119 0.022222222222222223 0.0297029702970297
0 0.14166666666666666 0.39603960396039606 0.1361111111111111 0.034653465346534656
0 0.6638888888888889 0.15841584158415842 0.16111111111111112 0.25742574257425743
0 0.7333333333333333 0.8910891089108911 0.013888888888888888 0.08415841584158416