0 0.3527777777777778 0.504950495049505 0.06111111111111111 0.12376237623762376
0 0.3 0.13861386138613863 0.058333333333333334 0.20297029702970298
0 0.18611111111111112 0.12871287128712872 0.10833333333333334 0.16336633663366337
0 0.20833333333333334 0.7871287128712872 0.06944444444444445 0.0297029702970297
0 0.55 0.6386138613861386 0.11666666666666667 0.11386138613861387
0 0.375 0.6831683168316832 0.1111111111111111 0.13366336633663367
0 0.5777777777777777 0.5346534653465347 0.019444444444444445 0.054455445544554455
0 0.6833333333333333 0.5396039603960396 0.10555555555555556 0.10396039603960396
0 0.8 0.3465346534653465 0.12222222222222222 0.19306930693069307
0 0.6861111111111111 0.6732673267326733 0.125 0.04455445544554455
0 0.7888888888888889 0.6435643564356436 0.06666666666666667 0.0891089108910891
0 0.7638888888888888 0.7821782178217822 0.075 0.10396039603960396
0 0.6222222222222222 0.7623762376237624 0.03333333333333333 0.034653465346534656