0 0.45555555555555555 0.48514851485148514 0.14722222222222223 0.27722772277227725
0 0.4305555555555556 0.21287128712871287 0.11666666666666667 0.29207920792079206
0 0.25833333333333336 0.806930693069307 0.06388888888888888 0.04455445544554455
0 0.3333333333333333 0.801980198019802 0.10277777777777777 0.06930693069306931
0 0.5444444444444444 0.7920792079207921 0.041666666666666664 0.04455445544554455
0 0.6666666666666666 0.5396039603960396 0.19444444444444445 0.2079207920792079
0 0.5666666666666667 0.4801980198019802 0.013888888888888888 0.06435643564356436
0 0.6333333333333333 0.6386138613861386 0.027777777777777776 0.039603960396039604
0 0.6777777777777778 0.6831683168316832 0.03611111111111111 0.034653465346534656
0 0.7361111111111112 0.5841584158415841 0.05277777777777778 0.054455445544554455
0 0.8138888888888889 0.39603960396039606 0.08888888888888889 0.06930693069306931
0 0.8027777777777778 0.6336633663366337 0.12777777777777777 0.04950495049504951
0 0.8888888888888888 0.6782178217821783 0.16111111111111112 0.08415841584158416
0 0.6638888888888889 0.7425742574257426 0.041666666666666664 0.024752475247524754
0 0.7944444444444444 0.7277227722772277 0.03611111111111111 0.024752475247524754