0 0.5055555555555555 0.33663366336633666 0.05555555555555555 0.2376237623762376
0 0.2611111111111111 0.7079207920792079 0.05 0.14356435643564355
0 0.30833333333333335 0.8415841584158416 0.05 0.054455445544554455
0 0.48333333333333334 0.806930693069307 0.03888888888888889 0.13366336633663367
0 0.6277777777777778 0.5841584158415841 0.027777777777777776 0.07920792079207921
0 0.5583333333333333 0.40594059405940597 0.025 0.10396039603960396
0 0.6305555555555555 0.18316831683168316 0.16666666666666666 0.3069306930693069
0 0.8222222222222222 0.5148514851485149 0.06666666666666667 0.0594059405940594
0 0.65 0.8712871287128713 0.08333333333333333 0.11386138613861387
0 0.5944444444444444 0.7623762376237624 0.03888888888888889 0.039603960396039604
0 0.7027777777777777 0.7425742574257426 0.030555555555555555 0.019801980198019802
0 0.65 0.6633663366336634 0.013888888888888888 0.019801980198019802
0 0.8472222222222222 0.7574257425742574 0.008333333333333333 0.034653465346534656
0 0.9166666666666666 0.5792079207920792 0.1 0.08415841584158416