5 0.6583333333333333 0.3564356435643564 0.06388888888888888 0.054455445544554455
5 0.45 0.31683168316831684 0.05 0.054455445544554455
5 0.6 0.45544554455445546 0.03611111111111111 0.07425742574257425
0 0.9666666666666667 0.39603960396039606 0.041666666666666664 0.039603960396039604
0 0.9694444444444444 0.5 0.03888888888888889 0.039603960396039604
0 0.8194444444444444 0.4603960396039604 0.03888888888888889 0.039603960396039604
0 0.7194444444444444 0.5445544554455446 0.03333333333333333 0.019801980198019802
0 0.3277777777777778 0.6584158415841584 0.05555555555555555 0.04455445544554455
0 0.24166666666666667 0.5792079207920792 0.09722222222222222 0.04950495049504951
0 0.21388888888888888 0.5396039603960396 0.016666666666666666 0.04455445544554455
0 0.18888888888888888 0.49504950495049505 0.016666666666666666 0.0594059405940594
0 0.7638888888888888 0.6732673267326733 0.03888888888888889 0.01485148514851485
0 0.5833333333333334 0.5594059405940595 0.030555555555555555 0.01485148514851485
0 0.5444444444444444 0.6188118811881188 0.025 0.019801980198019802
0 0.6416666666666667 0.6039603960396039 0.03333333333333333 0.01485148514851485
0 0.6972222222222222 0.6782178217821783 0.041666666666666664 0.01485148514851485
0 0.6888888888888889 0.7376237623762376 0.03611111111111111 0.0297029702970297
0 0.8166666666666667 0.7128712871287128 0.030555555555555555 0.024752475247524754