0 0.39166666666666666 0.5445544554455446 0.06666666666666667 0.04455445544554455
5 0.2916666666666667 0.4158415841584158 0.044444444444444446 0.07920792079207921
0 0.36944444444444446 0.1188118811881188 0.022222222222222223 0.06930693069306931
0 0.2722222222222222 0.3415841584158416 0.016666666666666666 0.0594059405940594
0 0.875 0.07920792079207921 0.07222222222222222 0.09900990099009901
5 0.5944444444444444 0.4801980198019802 0.05277777777777778 0.0297029702970297
0 0.5 0.5396039603960396 0.03888888888888889 0.019801980198019802
0 0.43333333333333335 0.5643564356435643 0.027777777777777776 0.024752475247524754
5 0.39166666666666666 0.4752475247524752 0.075 0.08415841584158416
0 0.625 0.4900990099009901 0.03333333333333333 0.039603960396039604
0 0.8166666666666667 0.5445544554455446 0.04722222222222222 0.0297029702970297
0 0.9 0.5445544554455446 0.041666666666666664 0.024752475247524754
0 0.8666666666666667 0.6831683168316832 0.03888888888888889 0.024752475247524754
0 0.9333333333333333 0.6237623762376238 0.04722222222222222 0.039603960396039604
0 0.9805555555555555 0.3465346534653465 0.03333333333333333 0.0297029702970297
0 0.5694444444444444 0.6881188118811881 0.07222222222222222 0.039603960396039604
0 0.65 0.5445544554455446 0.03888888888888889 0.024752475247524754
0 0.6666666666666666 0.5594059405940595 0.03333333333333333 0.01485148514851485
0 0.7305555555555555 0.6039603960396039 0.030555555555555555 0.019801980198019802
0 0.8083333333333333 0.7920792079207921 0.03888888888888889 0.019801980198019802
0 0.8083333333333333 0.5297029702970297 0.03611111111111111 0.024752475247524754