5 0.09444444444444444 0.3811881188118812 0.175 0.06435643564356436
0 0.030555555555555555 0.3811881188118812 0.05555555555555555 0.07425742574257425
0 0.030555555555555555 0.18811881188118812 0.058333333333333334 0.10396039603960396
0 0.3416666666666667 0.12871287128712872 0.05 0.0891089108910891
0 0.33055555555555555 0.24257425742574257 0.03333333333333333 0.06435643564356436
0 0.5222222222222223 0.5247524752475248 0.03611111111111111 0.01485148514851485
0 0.5972222222222222 0.5148514851485149 0.041666666666666664 0.019801980198019802
0 0.7472222222222222 0.3564356435643564 0.05 0.054455445544554455
0 0.7777777777777778 0.4158415841584158 0.058333333333333334 0.04455445544554455
0 0.8194444444444444 0.48514851485148514 0.058333333333333334 0.0297029702970297
0 0.975 0.4900990099009901 0.041666666666666664 0.034653465346534656