6 0.36944444444444446 0.5198019801980198 0.21666666666666667 0.16831683168316833
1 0.05277777777777778 0.36633663366336633 0.09444444444444444 0.0594059405940594
1 0.09166666666666666 0.3316831683168317 0.058333333333333334 0.09900990099009901
0 0.016666666666666666 0.38613861386138615 0.027777777777777776 0.06435643564356436
1 0.06388888888888888 0.4405940594059406 0.06944444444444445 0.04950495049504951
0 0.19722222222222222 0.40594059405940597 0.03333333333333333 0.054455445544554455
0 0.24444444444444444 0.5742574257425742 0.07222222222222222 0.06435643564356436
0 0.325 0.6287128712871287 0.044444444444444446 0.04455445544554455
0 0.2916666666666667 0.5396039603960396 0.022222222222222223 0.06435643564356436
0 0.26944444444444443 0.5445544554455446 0.022222222222222223 0.034653465346534656
0 0.45 0.698019801980198 0.041666666666666664 0.039603960396039604
5 0.7 0.5445544554455446 0.10833333333333334 0.11386138613861387
5 0.8111111111111111 0.5 0.13333333333333333 0.09405940594059406