5 0.49166666666666664 0.3415841584158416 0.24444444444444444 0.09900990099009901
6 0.475 0.4405940594059406 0.32222222222222224 0.17326732673267325
1 0.058333333333333334 0.43564356435643564 0.06388888888888888 0.039603960396039604
0 0.15 0.4207920792079208 0.05 0.08415841584158416
0 0.18611111111111112 0.4405940594059406 0.027777777777777776 0.07425742574257425
0 0.28888888888888886 0.4306930693069307 0.030555555555555555 0.0891089108910891
0 0.28055555555555556 0.4752475247524752 0.05 0.039603960396039604
5 0.3138888888888889 0.5148514851485149 0.12777777777777777 0.04950495049504951
0 0.3277777777777778 0.594059405940594 0.06111111111111111 0.04455445544554455
0 0.26666666666666666 0.6039603960396039 0.075 0.054455445544554455
1 0.275 0.6386138613861386 0.08055555555555556 0.054455445544554455
1 0.625 0.5445544554455446 0.06111111111111111 0.06435643564356436