5 0.3 0.25742574257425743 0.1111111111111111 0.12376237623762376
6 0.9583333333333334 0.3811881188118812 0.08055555555555556 0.10396039603960396
0 0.8611111111111112 0.5099009900990099 0.06388888888888888 0.039603960396039604
5 0.5972222222222222 0.48514851485148514 0.058333333333333334 0.08415841584158416
5 0.5805555555555556 0.5792079207920792 0.1388888888888889 0.10396039603960396
5 0.49444444444444446 0.3217821782178218 0.027777777777777776 0.11386138613861387
0 0.15 0.45544554455445546 0.058333333333333334 0.034653465346534656
0 0.20277777777777778 0.45544554455445546 0.05277777777777778 0.06435643564356436
0 0.24722222222222223 0.5198019801980198 0.05555555555555555 0.04950495049504951
0 0.33611111111111114 0.6039603960396039 0.03333333333333333 0.019801980198019802
0 0.41388888888888886 0.5693069306930693 0.016666666666666666 0.024752475247524754
0 0.5 0.6831683168316832 0.07222222222222222 0.0297029702970297
0 0.7472222222222222 0.801980198019802 0.05 0.04455445544554455