0 0.6694444444444444 0.5346534653465347 0.08888888888888889 0.054455445544554455
0 0.7361111111111112 0.5297029702970297 0.05555555555555555 0.039603960396039604
0 0.425 0.32673267326732675 0.075 0.07425742574257425
0 0.4166666666666667 0.3465346534653465 0.044444444444444446 0.039603960396039604
0 0.4444444444444444 0.3712871287128713 0.041666666666666664 0.054455445544554455
0 0.9611111111111111 0.3564356435643564 0.075 0.1485148514851485
0 0.5138888888888888 0.6287128712871287 0.05 0.10891089108910891
0 0.7222222222222222 0.8316831683168316 0.058333333333333334 0.0594059405940594
0 0.5555555555555556 0.8762376237623762 0.05 0.039603960396039604
0 0.45 0.693069306930693 0.05555555555555555 0.034653465346534656
0 0.5833333333333334 0.594059405940594 0.04722222222222222 0.0297029702970297
0 0.43333333333333335 0.16336633663366337 0.013888888888888888 0.07920792079207921
0 0.39444444444444443 0.06930693069306931 0.027777777777777776 0.07425742574257425
0 0.5611111111111111 0.08415841584158416 0.027777777777777776 0.07425742574257425
0 0.5666666666666667 0.04950495049504951 0.03888888888888889 0.034653465346534656
0 0.5805555555555556 0.12871287128712872 0.011111111111111112 0.04455445544554455
0 0.525 0.2079207920792079 0.03611111111111111 0.039603960396039604
0 0.3527777777777778 0.25742574257425743 0.027777777777777776 0.054455445544554455
0 0.38333333333333336 0.5891089108910891 0.044444444444444446 0.039603960396039604
0 0.30833333333333335 0.4504950495049505 0.03888888888888889 0.034653465346534656
0 0.28055555555555556 0.3316831683168317 0.04722222222222222 0.07425742574257425
0 0.19444444444444445 0.46534653465346537 0.03888888888888889 0.10396039603960396
0 0.15555555555555556 0.49504950495049505 0.03333333333333333 0.04455445544554455
0 0.6972222222222222 0.3712871287128713 0.03333333333333333 0.06435643564356436
0 0.6111111111111112 0.28217821782178215 0.016666666666666666 0.034653465346534656
0 0.8722222222222222 0.6386138613861386 0.058333333333333334 0.024752475247524754
0 0.925 0.594059405940594 0.05277777777777778 0.06930693069306931
0 0.8833333333333333 0.49504950495049505 0.03333333333333333 0.06930693069306931
0 0.44722222222222224 0.5396039603960396 0.03888888888888889 0.04455445544554455
0 0.35 0.8613861386138614 0.05 0.034653465346534656
0 0.3277777777777778 0.6683168316831684 0.025 0.04455445544554455
0 0.18888888888888888 0.07920792079207921 0.016666666666666666 0.0594059405940594
0 0.18888888888888888 0.16831683168316833 0.030555555555555555 0.06930693069306931
0 0.37777777777777777 0.22277227722772278 0.011111111111111112 0.0297029702970297
0 0.5055555555555555 0.5247524752475248 0.013888888888888888 0.039603960396039604
0 0.9777777777777777 0.6138613861386139 0.03611111111111111 0.0297029702970297
0 0.425 0.7029702970297029 0.03888888888888889 0.034653465346534656
0 0.6305555555555555 0.4405940594059406 0.03888888888888889 0.024752475247524754
0 0.2833333333333333 0.4158415841584158 0.025 0.034653465346534656
0 0.5833333333333334 0.693069306930693 0.03333333333333333 0.0297029702970297
0 0.8944444444444445 0.8564356435643564 0.04722222222222222 0.04950495049504951
0 0.9055555555555556 0.32673267326732675 0.013888888888888888 0.04455445544554455
0 0.20555555555555555 0.3217821782178218 0.016666666666666666 0.054455445544554455
0 0.3194444444444444 0.07920792079207921 0.025 0.019801980198019802
0 0.7305555555555555 0.698019801980198 0.019444444444444445 0.04950495049504951