0 0.8611111111111112 0.1188118811881188 0.11666666666666667 0.16831683168316833
0 0.3 0.3118811881188119 0.058333333333333334 0.07920792079207921
0 0.28055555555555556 0.19306930693069307 0.06666666666666667 0.0297029702970297
0 0.46944444444444444 0.21287128712871287 0.058333333333333334 0.01485148514851485
0 0.49722222222222223 0.1188118811881188 0.011111111111111112 0.07425742574257425
0 0.5722222222222222 0.24257425742574257 0.025 0.0594059405940594
1 0.7583333333333333 0.4207920792079208 0.06666666666666667 0.1188118811881188
0 0.85 0.4504950495049505 0.058333333333333334 0.04950495049504951
0 0.9194444444444444 0.4306930693069307 0.06666666666666667 0.08415841584158416
1 0.6138888888888889 0.4405940594059406 0.05 0.0891089108910891
0 0.5388888888888889 0.6188118811881188 0.03333333333333333 0.09405940594059406
0 0.5638888888888889 0.6732673267326733 0.022222222222222223 0.10396039603960396
0 0.4666666666666667 0.6534653465346535 0.022222222222222223 0.07425742574257425
0 0.4388888888888889 0.7970297029702971 0.03611111111111111 0.0594059405940594
0 0.6166666666666667 0.7772277227722773 0.06388888888888888 0.039603960396039604
0 0.65 0.5693069306930693 0.05 0.034653465346534656
0 0.7166666666666667 0.5594059405940595 0.027777777777777776 0.06930693069306931
0 0.9833333333333333 0.2524752475247525 0.025 0.11386138613861387
0 0.9861111111111112 0.3316831683168317 0.019444444444444445 0.0297029702970297
0 0.7416666666666667 0.27722772277227725 0.027777777777777776 0.039603960396039604
0 0.8416666666666667 0.19801980198019803 0.03333333333333333 0.06435643564356436
0 0.37222222222222223 0.11386138613861387 0.03333333333333333 0.039603960396039604
0 0.058333333333333334 0.1782178217821782 0.05 0.0594059405940594
0 0.08333333333333333 0.2722772277227723 0.05 0.04455445544554455
0 0.26944444444444443 0.5643564356435643 0.044444444444444446 0.04950495049504951
0 0.23055555555555557 0.5396039603960396 0.03333333333333333 0.024752475247524754
0 0.21388888888888888 0.4405940594059406 0.05 0.0297029702970297
0 0.2833333333333333 0.4306930693069307 0.03611111111111111 0.019801980198019802
0 0.31666666666666665 0.4504950495049505 0.022222222222222223 0.04455445544554455
0 0.4083333333333333 0.40594059405940597 0.03611111111111111 0.04950495049504951
0 0.4361111111111111 0.36633663366336633 0.03888888888888889 0.06930693069306931
0 0.49722222222222223 0.3811881188118812 0.013888888888888888 0.019801980198019802
0 0.6805555555555556 0.3712871287128713 0.019444444444444445 0.04455445544554455
0 0.7222222222222222 0.3811881188118812 0.019444444444444445 0.039603960396039604
0 0.7472222222222222 0.33663366336633666 0.019444444444444445 0.0297029702970297
0 0.8888888888888888 0.5792079207920792 0.025 0.04455445544554455
0 0.9638888888888889 0.7574257425742574 0.044444444444444446 0.034653465346534656
0 0.8 0.8762376237623762 0.022222222222222223 0.0594059405940594
0 0.6527777777777778 0.9356435643564357 0.03611111111111111 0.039603960396039604
0 0.33611111111111114 0.806930693069307 0.03333333333333333 0.0297029702970297
0 0.21666666666666667 0.8613861386138614 0.027777777777777776 0.024752475247524754
0 0.4638888888888889 0.5841584158415841 0.041666666666666664 0.04950495049504951
0 0.5 0.5396039603960396 0.013888888888888888 0.054455445544554455
0 0.4888888888888889 0.698019801980198 0.03333333333333333 0.024752475247524754
0 0.6833333333333333 0.7079207920792079 0.03888888888888889 0.054455445544554455
0 0.7666666666666667 0.4900990099009901 0.027777777777777776 0.054455445544554455
0 0.6 0.6584158415841584 0.03888888888888889 0.054455445544554455
0 0.8555555555555555 0.6287128712871287 0.025 0.06435643564356436