1 0.6277777777777778 0.19801980198019803 0.044444444444444446 0.18811881188118812
1 0.3861111111111111 0.4158415841584158 0.041666666666666664 0.15346534653465346
1 0.2777777777777778 0.3217821782178218 0.08888888888888889 0.16831683168316833
0 0.14444444444444443 0.22277227722772278 0.11666666666666667 0.1188118811881188
0 0.05555555555555555 0.6584158415841584 0.10833333333333334 0.16831683168316833
0 0.8555555555555555 0.31683168316831684 0.030555555555555555 0.11386138613861387
0 0.8611111111111112 0.3118811881188119 0.03611111111111111 0.16831683168316833
0 0.8638888888888889 0.21287128712871287 0.04722222222222222 0.04455445544554455
0 0.8611111111111112 0.10891089108910891 0.030555555555555555 0.1485148514851485
0 0.49722222222222223 0.07425742574257425 0.05 0.08415841584158416
0 0.6888888888888889 0.35148514851485146 0.04722222222222222 0.04455445544554455
0 0.7722222222222223 0.8316831683168316 0.058333333333333334 0.19306930693069307
0 0.7583333333333333 0.7425742574257426 0.05 0.04455445544554455
0 0.8805555555555555 0.45544554455445546 0.04722222222222222 0.07920792079207921
0 0.6055555555555555 0.5445544554455446 0.05277777777777778 0.0297029702970297
0 0.6222222222222222 0.41089108910891087 0.03888888888888889 0.04455445544554455
0 0.5222222222222223 0.46534653465346537 0.025 0.039603960396039604
0 0.45555555555555555 0.39603960396039606 0.013888888888888888 0.06435643564356436
0 0.3472222222222222 0.3217821782178218 0.03888888888888889 0.054455445544554455
0 0.5361111111111111 0.37623762376237624 0.022222222222222223 0.0297029702970297
0 0.7805555555555556 0.2722772277227723 0.027777777777777776 0.0594059405940594
0 0.7222222222222222 0.3415841584158416 0.025 0.06435643564356436
0 0.7305555555555555 0.3415841584158416 0.03888888888888889 0.04950495049504951
0 0.7083333333333334 0.40594059405940597 0.011111111111111112 0.04455445544554455
0 0.7083333333333334 0.4752475247524752 0.044444444444444446 0.024752475247524754
0 0.6027777777777777 0.6188118811881188 0.05555555555555555 0.04455445544554455
0 0.9777777777777777 0.4158415841584158 0.041666666666666664 0.04950495049504951
0 0.9083333333333333 0.06930693069306931 0.041666666666666664 0.06930693069306931
0 0.4166666666666667 0.7623762376237624 0.04722222222222222 0.0297029702970297
0 0.2361111111111111 0.6386138613861386 0.03333333333333333 0.06930693069306931
0 0.20277777777777778 0.4900990099009901 0.05277777777777778 0.024752475247524754
0 0.3888888888888889 0.16831683168316833 0.025 0.0594059405940594
0 0.49722222222222223 0.6435643564356436 0.022222222222222223 0.0891089108910891
0 0.5305555555555556 0.6831683168316832 0.019444444444444445 0.04455445544554455
0 0.6861111111111111 0.6633663366336634 0.030555555555555555 0.034653465346534656
0 0.4722222222222222 0.5495049504950495 0.019444444444444445 0.04455445544554455
0 0.35555555555555557 0.7871287128712872 0.013888888888888888 0.04455445544554455
0 0.5944444444444444 0.8267326732673267 0.05 0.07425742574257425
0 0.8805555555555555 0.5198019801980198 0.027777777777777776 0.06930693069306931
0 0.10833333333333334 0.3811881188118812 0.05 0.034653465346534656
0 0.28055555555555556 0.15346534653465346 0.030555555555555555 0.04950495049504951
0 0.3 0.9554455445544554 0.05555555555555555 0.07425742574257425
0 0.33055555555555555 0.8960396039603961 0.030555555555555555 0.0297029702970297