1 0.22777777777777777 0.09900990099009901 0.18333333333333332 0.13366336633663367
0 0.125 0.4405940594059406 0.11944444444444445 0.06930693069306931
0 0.44722222222222224 0.08415841584158416 0.06944444444444445 0.07920792079207921
0 0.5111111111111111 0.07920792079207921 0.09444444444444444 0.09900990099009901
0 0.8638888888888889 0.11386138613861387 0.022222222222222223 0.10396039603960396
0 0.9194444444444444 0.07425742574257425 0.03888888888888889 0.08415841584158416
0 0.8222222222222222 0.18316831683168316 0.058333333333333334 0.0594059405940594
0 0.8583333333333333 0.18811881188118812 0.05 0.04950495049504951
1 0.5583333333333333 0.9207920792079208 0.17777777777777778 0.1188118811881188
0 0.5444444444444444 0.40594059405940597 0.1 0.04455445544554455
0 0.44166666666666665 0.3564356435643564 0.030555555555555555 0.06435643564356436
0 0.15833333333333333 0.3217821782178218 0.09166666666666666 0.054455445544554455
0 0.07777777777777778 0.35148514851485146 0.03888888888888889 0.0594059405940594
0 0.10555555555555556 0.3712871287128713 0.05 0.0297029702970297
0 0.44722222222222224 0.5396039603960396 0.075 0.06930693069306931
0 0.39444444444444443 0.4752475247524752 0.044444444444444446 0.0297029702970297
0 0.2 0.7574257425742574 0.08333333333333333 0.06435643564356436
0 0.26666666666666666 0.7029702970297029 0.07777777777777778 0.09405940594059406
0 0.3055555555555556 0.7227722772277227 0.05555555555555555 0.10891089108910891
0 0.4861111111111111 0.7029702970297029 0.044444444444444446 0.034653465346534656
0 0.5833333333333334 0.7079207920792079 0.058333333333333334 0.034653465346534656
0 0.5805555555555556 0.7524752475247525 0.058333333333333334 0.034653465346534656
0 0.7305555555555555 0.7524752475247525 0.058333333333333334 0.08415841584158416
0 0.95 0.6732673267326733 0.07777777777777778 0.07425742574257425
0 0.9361111111111111 0.40594059405940597 0.016666666666666666 0.07920792079207921
0 0.7666666666666667 0.3118811881188119 0.030555555555555555 0.06435643564356436
0 0.7555555555555555 0.38613861386138615 0.019444444444444445 0.04950495049504951
0 0.675 0.5643564356435643 0.025 0.06435643564356436
0 0.975 0.1188118811881188 0.025 0.09405940594059406
0 0.7527777777777778 0.6584158415841584 0.025 0.054455445544554455
0 0.5888888888888889 0.3613861386138614 0.022222222222222223 0.07425742574257425
0 0.575 0.38613861386138615 0.013888888888888888 0.039603960396039604
0 0.525 0.4405940594059406 0.016666666666666666 0.054455445544554455
0 0.18333333333333332 0.4900990099009901 0.04722222222222222 0.07425742574257425
0 0.12222222222222222 0.42574257425742573 0.04722222222222222 0.0297029702970297
0 0.15 0.5198019801980198 0.06111111111111111 0.034653465346534656
0 0.8055555555555556 0.8217821782178217 0.025 0.039603960396039604
0 0.6638888888888889 0.6138613861386139 0.041666666666666664 0.019801980198019802
0 0.4166666666666667 0.12871287128712872 0.016666666666666666 0.07425742574257425