1 0.7222222222222222 0.3069306930693069 0.1388888888888889 0.21287128712871287
1 0.5 0.3316831683168317 0.125 0.0891089108910891
1 0.5305555555555556 0.45544554455445546 0.11388888888888889 0.054455445544554455
0 0.8 0.10891089108910891 0.044444444444444446 0.1485148514851485
0 0.875 0.17326732673267325 0.030555555555555555 0.10396039603960396
0 0.875 0.0594059405940594 0.019444444444444445 0.0594059405940594
0 0.8055555555555556 0.29207920792079206 0.030555555555555555 0.08415841584158416
0 0.9666666666666667 0.45544554455445546 0.030555555555555555 0.13861386138613863
1 0.6472222222222223 0.9603960396039604 0.13333333333333333 0.06930693069306931
0 0.7138888888888889 0.8366336633663366 0.04722222222222222 0.04455445544554455
0 0.6805555555555556 0.7425742574257426 0.075 0.034653465346534656
0 0.575 0.594059405940594 0.044444444444444446 0.039603960396039604
0 0.6111111111111112 0.5297029702970297 0.03611111111111111 0.04455445544554455
0 0.6527777777777778 0.4752475247524752 0.03333333333333333 0.054455445544554455
0 0.34444444444444444 0.3069306930693069 0.03888888888888889 0.13861386138613863
0 0.3055555555555556 0.08415841584158416 0.06388888888888888 0.10396039603960396
0 0.20277777777777778 0.32673267326732675 0.044444444444444446 0.13366336633663367
0 0.07222222222222222 0.801980198019802 0.030555555555555555 0.14356435643564355
0 0.08333333333333333 0.5544554455445545 0.05 0.04455445544554455
0 0.15555555555555556 0.5742574257425742 0.019444444444444445 0.07920792079207921
0 0.041666666666666664 0.40594059405940597 0.058333333333333334 0.024752475247524754
0 0.28055555555555556 0.8712871287128713 0.06666666666666667 0.039603960396039604
0 0.41388888888888886 0.9554455445544554 0.09166666666666666 0.04455445544554455
0 0.4888888888888889 0.24752475247524752 0.016666666666666666 0.10891089108910891
0 0.5833333333333334 0.30198019801980197 0.044444444444444446 0.06930693069306931
0 0.10833333333333334 0.28217821782178215 0.027777777777777776 0.11386138613861387
0 0.17777777777777778 0.08415841584158416 0.025 0.06930693069306931
0 0.019444444444444445 0.3069306930693069 0.03888888888888889 0.06435643564356436
0 0.05277777777777778 0.5 0.041666666666666664 0.039603960396039604
0 0.33055555555555555 0.40594059405940597 0.03333333333333333 0.08415841584158416
0 0.55 0.6336633663366337 0.03333333333333333 0.0297029702970297
0 0.23333333333333334 0.7227722772277227 0.04722222222222222 0.0297029702970297