1 0.32222222222222224 0.3118811881188119 0.03611111111111111 0.26732673267326734
5 0.3527777777777778 0.6782178217821783 0.26666666666666666 0.15841584158415842
1 0.8138888888888889 0.21287128712871287 0.1361111111111111 0.20297029702970298
0 0.6055555555555555 0.07425742574257425 0.075 0.0891089108910891
1 0.5972222222222222 0.30198019801980197 0.08333333333333333 0.14356435643564355
0 0.43333333333333335 0.4504950495049505 0.05277777777777778 0.18811881188118812
5 0.6555555555555556 0.5742574257425742 0.08333333333333333 0.18811881188118812
0 0.9611111111111111 0.3613861386138614 0.075 0.13366336633663367
0 0.9722222222222222 0.29207920792079206 0.05 0.0594059405940594
0 0.6611111111111111 0.0594059405940594 0.03611111111111111 0.0594059405940594
0 0.34444444444444444 0.07425742574257425 0.013888888888888888 0.07920792079207921
0 0.17777777777777778 0.06930693069306931 0.016666666666666666 0.07425742574257425
0 0.14444444444444443 0.21782178217821782 0.041666666666666664 0.12871287128712872
0 0.06944444444444445 0.31683168316831684 0.041666666666666664 0.07425742574257425
0 0.058333333333333334 0.400990099009901 0.07222222222222222 0.12376237623762376
0 0.10555555555555556 0.5099009900990099 0.05277777777777778 0.10396039603960396
0 0.18611111111111112 0.5346534653465347 0.013888888888888888 0.11386138613861387
0 0.20277777777777778 0.4405940594059406 0.041666666666666664 0.0891089108910891
0 0.2222222222222222 0.30198019801980197 0.041666666666666664 0.09900990099009901
0 0.20277777777777778 0.16831683168316833 0.011111111111111112 0.07425742574257425
0 0.26666666666666666 0.41089108910891087 0.044444444444444446 0.0891089108910891
0 0.42777777777777776 0.3465346534653465 0.030555555555555555 0.0594059405940594
0 0.44166666666666665 0.3910891089108911 0.027777777777777776 0.0594059405940594
0 0.5 0.400990099009901 0.019444444444444445 0.06930693069306931
0 0.40555555555555556 0.18811881188118812 0.016666666666666666 0.054455445544554455
0 0.6888888888888889 0.46534653465346537 0.044444444444444446 0.06930693069306931
0 0.75 0.5346534653465347 0.05 0.0297029702970297
0 0.6916666666666667 0.5841584158415841 0.044444444444444446 0.1188118811881188
0 0.9222222222222223 0.7475247524752475 0.08333333333333333 0.04950495049504951
0 0.8861111111111111 0.7722772277227723 0.05 0.07920792079207921
0 0.7166666666666667 0.8663366336633663 0.10555555555555556 0.08415841584158416
0 0.7972222222222223 0.9554455445544554 0.041666666666666664 0.0891089108910891
0 0.49583333333333335 0.9331683168316832 0.05277777777777778 0.13366336633663367
0 0.11944444444444445 0.8118811881188119 0.05555555555555555 0.039603960396039604
0 0.5888888888888889 0.7178217821782178 0.025 0.1188118811881188
0 0.49444444444444446 0.801980198019802 0.07222222222222222 0.04455445544554455
0 0.3277777777777778 0.7920792079207921 0.07222222222222222 0.06435643564356436
0 0.3861111111111111 0.7821782178217822 0.04722222222222222 0.04455445544554455
0 0.4638888888888889 0.7178217821782178 0.08055555555555556 0.04950495049504951
0 0.3888888888888889 0.5247524752475248 0.04722222222222222 0.0297029702970297
0 0.6027777777777777 0.806930693069307 0.019444444444444445 0.04950495049504951
0 0.7944444444444444 0.7623762376237624 0.03888888888888889 0.04950495049504951
0 0.7138888888888889 0.599009900990099 0.03888888888888889 0.0297029702970297
0 0.4444444444444444 0.8366336633663366 0.08055555555555556 0.04455445544554455
0 0.7888888888888889 0.8217821782178217 0.025 0.04950495049504951
0 0.475 0.6138613861386139 0.05277777777777778 0.08415841584158416