0 0.18611111111111112 0.1188118811881188 0.027777777777777776 0.1782178217821782
0 0.4027777777777778 0.2376237623762376 0.09444444444444444 0.04455445544554455
0 0.49166666666666664 0.09900990099009901 0.025 0.13366336633663367
5 0.7166666666666667 0.6633663366336634 0.16944444444444445 0.2524752475247525
0 0.8055555555555556 0.5544554455445545 0.07777777777777778 0.07425742574257425
1 0.6694444444444444 0.5841584158415841 0.08055555555555556 0.07425742574257425
0 0.9638888888888889 0.6732673267326733 0.06666666666666667 0.22277227722772278
0 0.9777777777777777 0.35148514851485146 0.03888888888888889 0.1188118811881188
0 0.9027777777777778 0.0891089108910891 0.04722222222222222 0.1188118811881188
0 0.9194444444444444 0.26732673267326734 0.06388888888888888 0.12376237623762376
5 0.4666666666666667 0.4603960396039604 0.10833333333333334 0.10396039603960396
0 0.6 0.35148514851485146 0.06944444444444445 0.10396039603960396
1 0.22777777777777777 0.905940594059406 0.14444444444444443 0.08415841584158416
0 0.35833333333333334 0.599009900990099 0.06944444444444445 0.10396039603960396
0 0.4777777777777778 0.6782178217821783 0.075 0.039603960396039604
0 0.5333333333333333 0.7277227722772277 0.09166666666666666 0.0594059405940594
0 0.5555555555555556 0.6435643564356436 0.075 0.039603960396039604
0 0.5916666666666667 0.5396039603960396 0.07222222222222222 0.039603960396039604
1 0.65 0.39603960396039606 0.06944444444444445 0.14356435643564355
0 0.5722222222222222 0.2376237623762376 0.03611111111111111 0.11386138613861387
0 0.5861111111111111 0.22277227722772278 0.019444444444444445 0.08415841584158416
0 0.7 0.400990099009901 0.05 0.13861386138613863
0 0.3972222222222222 0.38613861386138615 0.05 0.024752475247524754
0 0.16111111111111112 0.806930693069307 0.06111111111111111 0.11386138613861387
0 0.3388888888888889 0.7277227722772277 0.06944444444444445 0.054455445544554455
0 0.3638888888888889 0.6831683168316832 0.058333333333333334 0.054455445544554455
0 0.5277777777777778 0.5693069306930693 0.06388888888888888 0.039603960396039604
0 0.9305555555555556 0.905940594059406 0.07222222222222222 0.04950495049504951
0 0.6777777777777778 0.8366336633663366 0.06666666666666667 0.034653465346534656
0 0.5888888888888889 0.7722772277227723 0.07222222222222222 0.0297029702970297
0 0.18333333333333332 0.7277227722772277 0.1 0.0594059405940594
0 0.25555555555555554 0.6237623762376238 0.030555555555555555 0.09405940594059406
0 0.26944444444444443 0.3712871287128713 0.027777777777777776 0.07425742574257425
0 0.2861111111111111 0.31683168316831684 0.025 0.0594059405940594
0 0.38333333333333336 0.19306930693069307 0.022222222222222223 0.04455445544554455
0 0.475 0.1485148514851485 0.019444444444444445 0.07425742574257425
0 0.4305555555555556 0.8168316831683168 0.05277777777777778 0.04950495049504951
0 0.34444444444444444 0.5148514851485149 0.06388888888888888 0.024752475247524754
0 0.34444444444444444 0.5247524752475248 0.025 0.06435643564356436
0 0.3861111111111111 0.900990099009901 0.058333333333333334 0.054455445544554455