5 0.7555555555555555 0.38613861386138615 0.1388888888888889 0.22772277227722773
1 0.6138888888888889 0.3069306930693069 0.058333333333333334 0.297029702970297
0 0.8361111111111111 0.12871287128712872 0.041666666666666664 0.19306930693069307
0 0.7611111111111111 0.13366336633663367 0.027777777777777776 0.12871287128712872
0 0.9194444444444444 0.31683168316831684 0.011111111111111112 0.10891089108910891
0 0.9583333333333334 0.41089108910891087 0.075 0.039603960396039604
1 0.6138888888888889 0.5841584158415841 0.1 0.0594059405940594
0 0.725 0.6039603960396039 0.075 0.054455445544554455
0 0.5277777777777778 0.5198019801980198 0.05 0.09405940594059406
0 0.9083333333333333 0.8366336633663366 0.058333333333333334 0.04455445544554455
0 0.8722222222222222 0.9603960396039604 0.075 0.04455445544554455
0 0.07222222222222222 0.6386138613861386 0.030555555555555555 0.1485148514851485
0 0.030555555555555555 0.6386138613861386 0.058333333333333334 0.054455445544554455
0 0.19166666666666668 0.3712871287128713 0.06111111111111111 0.07425742574257425
0 0.39444444444444443 0.2871287128712871 0.04722222222222222 0.13861386138613863
0 0.46944444444444444 0.24752475247524752 0.06666666666666667 0.08415841584158416
0 0.475 0.27722772277227725 0.05 0.1485148514851485
0 0.4361111111111111 0.09900990099009901 0.041666666666666664 0.1188118811881188
0 0.5138888888888888 0.15346534653465346 0.011111111111111112 0.08415841584158416
0 0.3611111111111111 0.24752475247524752 0.041666666666666664 0.13366336633663367
0 0.24722222222222223 0.14356435643564355 0.027777777777777776 0.054455445544554455
0 0.4638888888888889 0.6633663366336634 0.08055555555555556 0.034653465346534656
0 0.5333333333333333 0.6336633663366337 0.06111111111111111 0.04455445544554455
0 0.5361111111111111 0.7326732673267327 0.06944444444444445 0.034653465346534656
0 0.6194444444444445 0.7029702970297029 0.058333333333333334 0.04950495049504951
0 0.6944444444444444 0.693069306930693 0.04722222222222222 0.024752475247524754
0 0.875 0.5297029702970297 0.03611111111111111 0.039603960396039604
0 0.8833333333333333 0.5198019801980198 0.008333333333333333 0.07425742574257425
0 0.7555555555555555 0.5148514851485149 0.013888888888888888 0.04455445544554455
0 0.6888888888888889 0.5396039603960396 0.03333333333333333 0.034653465346534656
0 0.5666666666666667 0.5346534653465347 0.05555555555555555 0.019801980198019802
0 0.5833333333333334 0.44554455445544555 0.04722222222222222 0.10396039603960396
0 0.40555555555555556 0.37623762376237624 0.03888888888888889 0.034653465346534656
0 0.35555555555555557 0.4603960396039604 0.011111111111111112 0.0594059405940594
0 0.26666666666666666 0.31683168316831684 0.016666666666666666 0.06435643564356436
0 0.15833333333333333 0.4504950495049505 0.030555555555555555 0.0891089108910891
0 0.18055555555555555 0.43564356435643564 0.03333333333333333 0.034653465346534656
0 0.29444444444444445 0.3811881188118812 0.027777777777777776 0.034653465346534656
0 0.6138888888888889 0.7920792079207921 0.05555555555555555 0.034653465346534656
0 0.6027777777777777 0.8762376237623762 0.05277777777777778 0.0297029702970297
0 0.3194444444444444 0.7227722772277227 0.05277777777777778 0.04950495049504951
0 0.35555555555555557 0.698019801980198 0.044444444444444446 0.034653465346534656
0 0.5138888888888888 0.5891089108910891 0.05277777777777778 0.0297029702970297
0 0.3888888888888889 0.6584158415841584 0.013888888888888888 0.04455445544554455
0 0.45555555555555555 0.8663366336633663 0.03888888888888889 0.034653465346534656
0 0.28888888888888886 0.4801980198019802 0.027777777777777776 0.039603960396039604
0 0.23333333333333334 0.5247524752475248 0.03888888888888889 0.04950495049504951
0 0.21388888888888888 0.2079207920792079 0.019444444444444445 0.04455445544554455
0 0.7805555555555556 0.7128712871287128 0.03888888888888889 0.019801980198019802
0 0.7777777777777778 0.7475247524752475 0.03333333333333333 0.024752475247524754