0 0.44166666666666665 0.18316831683168316 0.019444444444444445 0.10396039603960396
0 0.575 0.1485148514851485 0.075 0.034653465346534656
0 0.6583333333333333 0.27722772277227725 0.022222222222222223 0.16831683168316833
0 0.9277777777777778 0.09900990099009901 0.03611111111111111 0.13861386138613863
0 0.9833333333333333 0.12871287128712872 0.03333333333333333 0.0297029702970297
0 0.9333333333333333 0.5742574257425742 0.07222222222222222 0.0891089108910891
0 0.8694444444444445 0.504950495049505 0.03888888888888889 0.0891089108910891
0 0.925 0.47029702970297027 0.022222222222222223 0.08415841584158416
0 0.8944444444444445 0.4752475247524752 0.027777777777777776 0.06930693069306931
0 0.8555555555555555 0.47029702970297027 0.016666666666666666 0.06435643564356436
0 0.8444444444444444 0.6237623762376238 0.07222222222222222 0.06435643564356436
0 0.8055555555555556 0.7227722772277227 0.06388888888888888 0.0297029702970297
0 0.5277777777777778 0.5841584158415841 0.06944444444444445 0.04950495049504951
0 0.5833333333333334 0.5396039603960396 0.041666666666666664 0.039603960396039604
0 0.6416666666666667 0.42574257425742573 0.013888888888888888 0.08415841584158416
0 0.75 0.38613861386138615 0.016666666666666666 0.0891089108910891
0 0.175 0.1188118811881188 0.044444444444444446 0.08415841584158416
0 0.4027777777777778 0.19801980198019803 0.04722222222222222 0.054455445544554455
0 0.4222222222222222 0.24752475247524752 0.030555555555555555 0.04950495049504951
0 0.39166666666666666 0.3118811881188119 0.03333333333333333 0.054455445544554455
0 0.5472222222222223 0.41089108910891087 0.013888888888888888 0.06435643564356436
0 0.6722222222222223 0.5693069306930693 0.019444444444444445 0.0594059405940594
0 0.40555555555555556 0.48514851485148514 0.041666666666666664 0.06930693069306931
0 0.20833333333333334 0.4900990099009901 0.05 0.039603960396039604
0 0.1111111111111111 0.806930693069307 0.044444444444444446 0.06930693069306931
0 0.21944444444444444 0.8415841584158416 0.04722222222222222 0.06435643564356436
0 0.18333333333333332 0.9108910891089109 0.05277777777777778 0.0297029702970297
0 0.3111111111111111 0.504950495049505 0.03888888888888889 0.039603960396039604
0 0.14444444444444443 0.29207920792079206 0.04722222222222222 0.039603960396039604
0 0.21666666666666667 0.30198019801980197 0.025 0.039603960396039604
0 0.5944444444444444 0.6584158415841584 0.03333333333333333 0.06930693069306931
0 0.6555555555555556 0.6386138613861386 0.06111111111111111 0.0297029702970297
0 0.6888888888888889 0.6732673267326733 0.05555555555555555 0.01485148514851485
0 0.7 0.7574257425742574 0.05 0.034653465346534656
0 0.5944444444444444 0.7574257425742574 0.06111111111111111 0.0297029702970297
0 0.8055555555555556 0.9257425742574258 0.041666666666666664 0.0297029702970297
0 0.25277777777777777 0.400990099009901 0.013888888888888888 0.04455445544554455
0 0.9 0.5495049504950495 0.05 0.034653465346534656
0 0.9027777777777778 0.7178217821782178 0.030555555555555555 0.0297029702970297
0 0.48333333333333334 0.7475247524752475 0.03611111111111111 0.0297029702970297
0 0.4361111111111111 0.7772277227722773 0.027777777777777776 0.039603960396039604