0 0.6777777777777778 0.504950495049505 0.05277777777777778 0.07425742574257425
0 0.9472222222222222 0.10396039603960396 0.08055555555555556 0.12871287128712872
0 0.9722222222222222 0.10396039603960396 0.05277777777777778 0.13861386138613863
0 0.7083333333333334 0.06435643564356436 0.03888888888888889 0.06435643564356436
0 0.7666666666666667 0.3415841584158416 0.06388888888888888 0.07425742574257425
0 0.8416666666666667 0.4504950495049505 0.027777777777777776 0.11386138613861387
0 0.9777777777777777 0.38613861386138615 0.041666666666666664 0.0594059405940594
0 0.9833333333333333 0.45544554455445546 0.025 0.024752475247524754
0 0.8805555555555555 0.6683168316831684 0.05555555555555555 0.06930693069306931
0 0.8861111111111111 0.6732673267326733 0.06111111111111111 0.0297029702970297
0 0.9722222222222222 0.6485148514851485 0.05 0.034653465346534656
0 0.9777777777777777 0.6039603960396039 0.030555555555555555 0.024752475247524754
0 0.7611111111111111 0.5247524752475248 0.05277777777777778 0.024752475247524754
0 0.7138888888888889 0.5594059405940595 0.07777777777777778 0.07425742574257425
0 0.6222222222222222 0.5495049504950495 0.022222222222222223 0.034653465346534656
0 0.5138888888888888 0.5 0.06388888888888888 0.04455445544554455
0 0.5472222222222223 0.3316831683168317 0.013888888888888888 0.0594059405940594
0 0.42777777777777776 0.12871287128712872 0.008333333333333333 0.09900990099009901
0 0.2972222222222222 0.08415841584158416 0.008333333333333333 0.08415841584158416
0 0.1638888888888889 0.30198019801980197 0.05555555555555555 0.039603960396039604
0 0.21388888888888888 0.3118811881188119 0.016666666666666666 0.0594059405940594
0 0.30277777777777776 0.28217821782178215 0.011111111111111112 0.054455445544554455
0 0.4111111111111111 0.3217821782178218 0.019444444444444445 0.01485148514851485
0 0.36666666666666664 0.5148514851485149 0.03333333333333333 0.08415841584158416
0 0.44166666666666665 0.6089108910891089 0.05555555555555555 0.039603960396039604
0 0.4 0.6237623762376238 0.041666666666666664 0.04455445544554455
0 0.49444444444444446 0.7524752475247525 0.05 0.034653465346534656
0 0.5611111111111111 0.7524752475247525 0.03333333333333333 0.04455445544554455
0 0.65 0.801980198019802 0.05 0.0297029702970297
0 0.7833333333333333 0.7425742574257426 0.058333333333333334 0.0297029702970297
0 0.7666666666666667 0.7425742574257426 0.022222222222222223 0.07425742574257425
0 0.8916666666666667 0.7722772277227723 0.03611111111111111 0.024752475247524754
0 0.8527777777777777 0.801980198019802 0.05 0.024752475247524754
0 0.4083333333333333 0.7623762376237624 0.03333333333333333 0.034653465346534656
0 0.32222222222222224 0.45544554455445546 0.027777777777777776 0.039603960396039604
0 0.5611111111111111 0.8663366336633663 0.022222222222222223 0.039603960396039604
0 0.011111111111111112 0.31683168316831684 0.016666666666666666 0.04455445544554455
0 0.30833333333333335 0.7574257425742574 0.04722222222222222 0.034653465346534656