0 0.42777777777777776 0.12871287128712872 0.030555555555555555 0.18316831683168316
0 0.4527777777777778 0.13366336633663367 0.075 0.07425742574257425
0 0.03333333333333333 0.3564356435643564 0.06388888888888888 0.04950495049504951
0 0.21944444444444444 0.1782178217821782 0.03888888888888889 0.07920792079207921
0 0.2861111111111111 0.3217821782178218 0.044444444444444446 0.0891089108910891
0 0.39166666666666666 0.2376237623762376 0.03611111111111111 0.06930693069306931
0 0.4222222222222222 0.41089108910891087 0.044444444444444446 0.024752475247524754
0 0.2861111111111111 0.33663366336633666 0.03888888888888889 0.0297029702970297
0 0.2722222222222222 0.35148514851485146 0.05 0.034653465346534656
0 0.26666666666666666 0.38613861386138615 0.030555555555555555 0.034653465346534656
0 0.2833333333333333 0.49504950495049505 0.05277777777777778 0.07920792079207921
0 0.43333333333333335 0.5643564356435643 0.022222222222222223 0.07425742574257425
0 0.7083333333333334 0.4207920792079208 0.03333333333333333 0.04455445544554455
0 0.7444444444444445 0.48514851485148514 0.05277777777777778 0.1188118811881188
0 0.9 0.3069306930693069 0.06111111111111111 0.14356435643564355
0 0.9583333333333334 0.33663366336633666 0.07777777777777778 0.04455445544554455
0 0.8416666666666667 0.13366336633663367 0.07222222222222222 0.0594059405940594
0 0.7916666666666666 0.25742574257425743 0.06388888888888888 0.034653465346534656
0 0.6555555555555556 0.19306930693069307 0.05 0.034653465346534656
0 0.5388888888888889 0.6188118811881188 0.019444444444444445 0.06930693069306931
0 0.4527777777777778 0.6386138613861386 0.05277777777777778 0.024752475247524754
0 0.8083333333333333 0.5841584158415841 0.016666666666666666 0.08415841584158416
0 0.85 0.5891089108910891 0.07777777777777778 0.034653465346534656
0 0.9861111111111112 0.42574257425742573 0.025 0.06435643564356436
0 0.975 0.40594059405940597 0.03333333333333333 0.04455445544554455
0 0.9111111111111111 0.7079207920792079 0.06666666666666667 0.034653465346534656
0 0.9222222222222223 0.5841584158415841 0.041666666666666664 0.0297029702970297
0 0.7555555555555555 0.6237623762376238 0.041666666666666664 0.024752475247524754
0 0.5944444444444444 0.698019801980198 0.016666666666666666 0.07425742574257425
0 0.6416666666666667 0.6881188118811881 0.019444444444444445 0.06435643564356436
0 0.7111111111111111 0.7326732673267327 0.03333333333333333 0.0594059405940594
0 0.8583333333333333 0.7425742574257426 0.03333333333333333 0.06435643564356436
0 0.9805555555555555 0.7475247524752475 0.03611111111111111 0.04950495049504951
0 0.19166666666666668 0.5148514851485149 0.044444444444444446 0.034653465346534656
0 0.7416666666666667 0.5445544554455446 0.044444444444444446 0.024752475247524754
0 0.8583333333333333 0.6039603960396039 0.03333333333333333 0.04950495049504951
0 0.9472222222222222 0.7524752475247525 0.04722222222222222 0.034653465346534656