0 0.5277777777777778 0.21287128712871287 0.05555555555555555 0.054455445544554455
0 0.5083333333333333 0.10396039603960396 0.03888888888888889 0.14356435643564355
0 0.6611111111111111 0.1485148514851485 0.025 0.12871287128712872
5 0.6805555555555556 0.3910891089108911 0.09444444444444444 0.039603960396039604
0 0.7 0.27722772277227725 0.06388888888888888 0.039603960396039604
0 0.7027777777777777 0.10396039603960396 0.06111111111111111 0.024752475247524754
0 0.7416666666666667 0.06930693069306931 0.025 0.06930693069306931
0 0.8722222222222222 0.039603960396039604 0.09166666666666666 0.019801980198019802
0 0.975 0.24257425742574257 0.044444444444444446 0.034653465346534656
0 0.9805555555555555 0.297029702970297 0.03888888888888889 0.0594059405940594
0 0.9833333333333333 0.3564356435643564 0.030555555555555555 0.039603960396039604
0 0.8777777777777778 0.45544554455445546 0.04722222222222222 0.034653465346534656
0 0.7555555555555555 0.3613861386138614 0.044444444444444446 0.039603960396039604
0 0.6333333333333333 0.3564356435643564 0.04722222222222222 0.04455445544554455
0 0.5083333333333333 0.37623762376237624 0.05555555555555555 0.039603960396039604
0 0.4444444444444444 0.24752475247524752 0.016666666666666666 0.12871287128712872
0 0.45 0.11386138613861387 0.058333333333333334 0.0297029702970297
0 0.3055555555555556 0.11386138613861387 0.06944444444444445 0.0297029702970297
0 0.225 0.09405940594059406 0.030555555555555555 0.12376237623762376
0 0.23333333333333334 0.14356435643564355 0.03333333333333333 0.08415841584158416
0 0.3472222222222222 0.38613861386138615 0.044444444444444446 0.07920792079207921
0 0.6916666666666667 0.5445544554455446 0.03888888888888889 0.13366336633663367
0 0.7277777777777777 0.5297029702970297 0.03333333333333333 0.09405940594059406
0 0.7555555555555555 0.44554455445544555 0.041666666666666664 0.09900990099009901
0 0.8583333333333333 0.5297029702970297 0.06388888888888888 0.06930693069306931
0 0.9611111111111111 0.5297029702970297 0.058333333333333334 0.06930693069306931
0 0.8027777777777778 0.6287128712871287 0.075 0.0297029702970297
0 0.5222222222222223 0.5841584158415841 0.04722222222222222 0.04950495049504951
0 0.3416666666666667 0.599009900990099 0.041666666666666664 0.039603960396039604
0 0.225 0.40594059405940597 0.044444444444444446 0.0594059405940594
0 0.23055555555555557 0.3465346534653465 0.041666666666666664 0.019801980198019802
0 0.30277777777777776 0.22772277227722773 0.027777777777777776 0.04950495049504951
0 0.5222222222222223 0.3118811881188119 0.044444444444444446 0.04455445544554455
0 0.6222222222222222 0.5544554455445545 0.041666666666666664 0.034653465346534656
0 0.6444444444444445 0.6534653465346535 0.030555555555555555 0.0594059405940594
0 0.7416666666666667 0.6534653465346535 0.030555555555555555 0.054455445544554455
0 0.8444444444444444 0.6237623762376238 0.044444444444444446 0.054455445544554455
0 0.9388888888888889 0.6386138613861386 0.06666666666666667 0.09405940594059406
0 0.9833333333333333 0.7029702970297029 0.027777777777777776 0.0594059405940594
0 0.8305555555555556 0.8465346534653465 0.075 0.034653465346534656
0 0.9166666666666666 0.8712871287128713 0.022222222222222223 0.07920792079207921
0 0.9527777777777777 0.7722772277227723 0.05 0.0297029702970297
0 0.725 0.7623762376237624 0.05277777777777778 0.0594059405940594
0 0.6277777777777778 0.7524752475247525 0.04722222222222222 0.034653465346534656
0 0.5833333333333334 0.7772277227722773 0.04722222222222222 0.034653465346534656
0 0.8472222222222222 0.801980198019802 0.05277777777777778 0.06930693069306931
0 0.8666666666666667 0.6831683168316832 0.044444444444444446 0.04950495049504951
0 0.8305555555555556 0.7524752475247525 0.041666666666666664 0.0297029702970297
0 0.3638888888888889 0.4801980198019802 0.027777777777777776 0.04950495049504951
0 0.40555555555555556 0.6336633663366337 0.011111111111111112 0.04950495049504951
0 0.19722222222222222 0.22277227722772278 0.025 0.039603960396039604
0 0.15833333333333333 0.17326732673267325 0.011111111111111112 0.06930693069306931
0 0.3416666666666667 0.40594059405940597 0.03888888888888889 0.054455445544554455
0 0.8611111111111112 0.45544554455445546 0.044444444444444446 0.024752475247524754