0 0.7861111111111111 0.1188118811881188 0.09166666666666666 0.16831683168316833
0 0.8111111111111111 0.10396039603960396 0.011111111111111112 0.034653465346534656
0 0.9666666666666667 0.09405940594059406 0.058333333333333334 0.06435643564356436
0 0.9611111111111111 0.13861386138613863 0.06944444444444445 0.054455445544554455
0 0.9722222222222222 0.2079207920792079 0.05 0.07425742574257425
0 0.9388888888888889 0.21782178217821782 0.041666666666666664 0.0297029702970297
0 0.7527777777777778 0.17326732673267325 0.07222222222222222 0.04455445544554455
0 0.8 0.2623762376237624 0.058333333333333334 0.10396039603960396
5 0.7222222222222222 0.3613861386138614 0.09444444444444444 0.04455445544554455
0 0.7861111111111111 0.39603960396039606 0.08055555555555556 0.039603960396039604
0 0.8444444444444444 0.48514851485148514 0.058333333333333334 0.0891089108910891
0 0.33055555555555555 0.17326732673267325 0.030555555555555555 0.16831683168316833
0 0.5222222222222223 0.20297029702970298 0.07222222222222222 0.054455445544554455
0 0.475 0.12376237623762376 0.05 0.07425742574257425
0 0.2861111111111111 0.06435643564356436 0.025 0.054455445544554455
0 0.24444444444444444 0.054455445544554455 0.05277777777777778 0.039603960396039604
0 0.11944444444444445 0.054455445544554455 0.05555555555555555 0.039603960396039604
0 0.15555555555555556 0.1188118811881188 0.058333333333333334 0.039603960396039604
0 0.16944444444444445 0.15841584158415842 0.05 0.04455445544554455
0 0.21944444444444444 0.32673267326732675 0.05 0.0297029702970297
0 0.2111111111111111 0.39603960396039606 0.022222222222222223 0.04455445544554455
0 0.25277777777777777 0.39603960396039606 0.03611111111111111 0.0297029702970297
0 0.3194444444444444 0.4504950495049505 0.041666666666666664 0.039603960396039604
0 0.30277777777777776 0.4603960396039604 0.022222222222222223 0.04950495049504951
0 0.3277777777777778 0.5742574257425742 0.041666666666666664 0.0297029702970297
0 0.37777777777777777 0.4158415841584158 0.016666666666666666 0.07920792079207921
0 0.5333333333333333 0.30198019801980197 0.044444444444444446 0.09405940594059406
0 0.48055555555555557 0.37623762376237624 0.04722222222222222 0.054455445544554455
0 0.49722222222222223 0.4158415841584158 0.03611111111111111 0.01485148514851485
0 0.6361111111111111 0.3811881188118812 0.06111111111111111 0.034653465346534656
0 0.925 0.5742574257425742 0.05555555555555555 0.06930693069306931
0 0.8583333333333333 0.6188118811881188 0.044444444444444446 0.12871287128712872
0 0.7416666666666667 0.7277227722772277 0.06944444444444445 0.0297029702970297
0 0.6666666666666666 0.6039603960396039 0.05555555555555555 0.06435643564356436
0 0.41944444444444445 0.6584158415841584 0.05277777777777778 0.034653465346534656
0 0.6388888888888888 0.6039603960396039 0.041666666666666664 0.0297029702970297
0 0.7277777777777777 0.6633663366336634 0.025 0.0297029702970297
0 0.7027777777777777 0.7227722772277227 0.027777777777777776 0.0594059405940594
0 0.8416666666666667 0.7227722772277227 0.06944444444444445 0.039603960396039604
0 0.8638888888888889 0.7574257425742574 0.06111111111111111 0.04950495049504951
0 0.8416666666666667 0.8762376237623762 0.05 0.06930693069306931
0 0.9861111111111112 0.6336633663366337 0.025 0.034653465346534656
0 0.975 0.7673267326732673 0.04722222222222222 0.06435643564356436
0 0.7944444444444444 0.7871287128712872 0.04722222222222222 0.04455445544554455
0 0.7333333333333333 0.7574257425742574 0.041666666666666664 0.054455445544554455
0 0.725 0.8118811881188119 0.03333333333333333 0.019801980198019802
0 0.41944444444444445 0.8712871287128713 0.041666666666666664 0.04455445544554455
0 0.8166666666666667 0.6831683168316832 0.03611111111111111 0.0594059405940594