1 0.6722222222222223 0.4306930693069307 0.12222222222222222 0.1485148514851485
1 0.6333333333333333 0.5544554455445545 0.11388888888888889 0.10891089108910891
1 0.95 0.21287128712871287 0.09444444444444444 0.10396039603960396
0 0.7638888888888888 0.07425742574257425 0.030555555555555555 0.08415841584158416
0 0.29444444444444445 0.11386138613861387 0.030555555555555555 0.15841584158415842
0 0.31666666666666665 0.12871287128712872 0.05555555555555555 0.04950495049504951
0 0.3861111111111111 0.19801980198019803 0.030555555555555555 0.039603960396039604
0 0.6111111111111112 0.20297029702970298 0.05555555555555555 0.039603960396039604
0 0.7138888888888889 0.10396039603960396 0.06666666666666667 0.034653465346534656
0 0.7805555555555556 0.3811881188118812 0.06388888888888888 0.054455445544554455
0 0.825 0.4158415841584158 0.05 0.0891089108910891
0 0.9611111111111111 0.3564356435643564 0.06944444444444445 0.09405940594059406
0 0.8722222222222222 0.4306930693069307 0.03611111111111111 0.06930693069306931
0 0.9416666666666667 0.4801980198019802 0.08055555555555556 0.06930693069306931
0 0.8916666666666667 0.5247524752475248 0.027777777777777776 0.07425742574257425
0 0.9861111111111112 0.46534653465346537 0.022222222222222223 0.039603960396039604
0 0.9222222222222223 0.7920792079207921 0.04722222222222222 0.07425742574257425
0 0.7 0.8168316831683168 0.05555555555555555 0.14356435643564355
0 0.7722222222222223 0.7178217821782178 0.05 0.1188118811881188
0 0.8277777777777777 0.7376237623762376 0.05555555555555555 0.034653465346534656
0 0.775 0.801980198019802 0.044444444444444446 0.01485148514851485
0 0.5944444444444444 0.7574257425742574 0.06388888888888888 0.04950495049504951
0 0.5944444444444444 0.7821782178217822 0.027777777777777776 0.04455445544554455
0 0.5361111111111111 0.7178217821782178 0.06666666666666667 0.0297029702970297
0 0.4111111111111111 0.297029702970297 0.008333333333333333 0.07920792079207921
1 0.5777777777777777 0.33663366336633666 0.1 0.07920792079207921
0 0.55 0.48514851485148514 0.022222222222222223 0.13861386138613863
0 0.49722222222222223 0.4504950495049505 0.044444444444444446 0.04950495049504951
0 0.4111111111111111 0.4405940594059406 0.016666666666666666 0.07425742574257425
0 0.3638888888888889 0.4752475247524752 0.05555555555555555 0.04455445544554455
0 0.325 0.39603960396039606 0.019444444444444445 0.0891089108910891
0 0.29444444444444445 0.6188118811881188 0.05 0.024752475247524754
0 0.15833333333333333 0.16831683168316833 0.013888888888888888 0.07425742574257425
0 0.04722222222222222 0.35148514851485146 0.022222222222222223 0.0891089108910891
0 0.18611111111111112 0.3613861386138614 0.03888888888888889 0.0297029702970297
0 0.20833333333333334 0.3316831683168317 0.016666666666666666 0.04455445544554455
0 0.17222222222222222 0.21782178217821782 0.027777777777777776 0.06930693069306931
0 0.2638888888888889 0.4405940594059406 0.041666666666666664 0.034653465346534656
0 0.25277777777777777 0.5099009900990099 0.011111111111111112 0.0297029702970297
0 0.25277777777777777 0.5445544554455446 0.03888888888888889 0.0297029702970297
0 0.6472222222222223 0.6584158415841584 0.03333333333333333 0.024752475247524754
0 0.6555555555555556 0.3415841584158416 0.03333333333333333 0.04455445544554455
0 0.9305555555555556 0.15346534653465346 0.05 0.0594059405940594
0 0.725 0.5 0.041666666666666664 0.08415841584158416
0 0.675 0.47029702970297027 0.041666666666666664 0.09900990099009901
0 0.6055555555555555 0.4801980198019802 0.058333333333333334 0.0594059405940594
0 0.675 0.7227722772277227 0.025 0.039603960396039604
0 0.8416666666666667 0.5346534653465347 0.04722222222222222 0.0297029702970297
0 0.7305555555555555 0.9306930693069307 0.027777777777777776 0.04455445544554455