1 0.9416666666666667 0.31683168316831684 0.1111111111111111 0.09405940594059406
0 0.9138888888888889 0.25742574257425743 0.058333333333333334 0.034653465346534656
0 0.6333333333333333 0.07425742574257425 0.06388888888888888 0.0891089108910891
0 0.7083333333333334 0.039603960396039604 0.06388888888888888 0.01485148514851485
1 0.7361111111111112 0.25742574257425743 0.058333333333333334 0.16831683168316833
0 0.6777777777777778 0.1188118811881188 0.06388888888888888 0.0297029702970297
0 0.5472222222222223 0.14356435643564355 0.06666666666666667 0.13366336633663367
0 0.5805555555555556 0.19801980198019803 0.05277777777777778 0.034653465346534656
0 0.4444444444444444 0.3217821782178218 0.05555555555555555 0.0891089108910891
0 0.41944444444444445 0.04455445544554455 0.019444444444444445 0.0297029702970297
0 0.2111111111111111 0.11386138613861387 0.05277777777777778 0.0891089108910891
0 0.18055555555555555 0.054455445544554455 0.016666666666666666 0.04455445544554455
0 0.1527777777777778 0.14356435643564355 0.03333333333333333 0.04950495049504951
0 0.2388888888888889 0.44554455445544555 0.03611111111111111 0.0297029702970297
0 0.25833333333333336 0.4207920792079208 0.03333333333333333 0.07920792079207921
0 0.2361111111111111 0.21287128712871287 0.04722222222222222 0.11386138613861387
0 0.39166666666666666 0.15841584158415842 0.005555555555555556 0.054455445544554455
0 0.3333333333333333 0.2524752475247525 0.025 0.01485148514851485
0 0.35555555555555557 0.36633663366336633 0.011111111111111112 0.04455445544554455
0 0.4111111111111111 0.3712871287128713 0.019444444444444445 0.07425742574257425
0 0.6638888888888889 0.49504950495049505 0.06111111111111111 0.0891089108910891
0 0.7583333333333333 0.4900990099009901 0.075 0.034653465346534656
0 0.7194444444444444 0.4801980198019802 0.06111111111111111 0.0297029702970297
0 0.5388888888888889 0.5 0.06388888888888888 0.054455445544554455
0 0.46111111111111114 0.4603960396039604 0.03888888888888889 0.034653465346534656
0 0.2833333333333333 0.48514851485148514 0.04722222222222222 0.04455445544554455
1 0.3388888888888889 0.7623762376237624 0.1111111111111111 0.054455445544554455
0 0.4888888888888889 0.7277227722772277 0.044444444444444446 0.17326732673267325
0 0.3888888888888889 0.698019801980198 0.030555555555555555 0.04455445544554455
0 0.35555555555555557 0.5643564356435643 0.030555555555555555 0.06930693069306931
0 0.225 0.5643564356435643 0.044444444444444446 0.0297029702970297
0 0.5861111111111111 0.5495049504950495 0.044444444444444446 0.04455445544554455
0 0.6138888888888889 0.46534653465346537 0.030555555555555555 0.039603960396039604
0 0.5944444444444444 0.4900990099009901 0.03888888888888889 0.01485148514851485
0 0.8166666666666667 0.5396039603960396 0.06111111111111111 0.019801980198019802
0 0.975 0.43564356435643564 0.041666666666666664 0.0594059405940594
0 0.9666666666666667 0.5247524752475248 0.06111111111111111 0.0297029702970297
0 0.6083333333333333 0.594059405940594 0.025 0.12871287128712872
0 0.8194444444444444 0.6287128712871287 0.06388888888888888 0.06930693069306931
0 0.95 0.5693069306930693 0.08888888888888889 0.06930693069306931
0 0.7666666666666667 0.7871287128712872 0.05277777777777778 0.10396039603960396
0 0.9222222222222223 0.7277227722772277 0.06666666666666667 0.034653465346534656
0 0.6194444444444445 0.7475247524752475 0.05277777777777778 0.039603960396039604
0 0.6972222222222222 0.6683168316831684 0.03333333333333333 0.034653465346534656
0 0.6611111111111111 0.6782178217821783 0.022222222222222223 0.024752475247524754
0 0.43333333333333335 0.7970297029702971 0.05555555555555555 0.024752475247524754
0 0.5722222222222222 0.8217821782178217 0.03888888888888889 0.04455445544554455
0 0.5277777777777778 0.7821782178217822 0.03333333333333333 0.019801980198019802
0 0.7333333333333333 0.9108910891089109 0.06944444444444445 0.034653465346534656
0 0.6694444444444444 0.8217821782178217 0.05555555555555555 0.04950495049504951
0 0.675 0.7871287128712872 0.03888888888888889 0.0594059405940594
0 0.7555555555555555 0.7376237623762376 0.04722222222222222 0.06435643564356436
0 0.8027777777777778 0.5742574257425742 0.041666666666666664 0.019801980198019802
0 0.8333333333333334 0.7623762376237624 0.011111111111111112 0.0594059405940594
0 0.7555555555555555 0.8514851485148515 0.05277777777777778 0.04950495049504951
0 0.9083333333333333 0.6683168316831684 0.041666666666666664 0.0297029702970297