5 0.3194444444444444 0.5445544554455446 0.044444444444444446 0.06930693069306931
1 0.4111111111111111 0.5544554455445545 0.044444444444444446 0.034653465346534656
5 0.4527777777777778 0.6287128712871287 0.05 0.06930693069306931
1 0.5027777777777778 0.594059405940594 0.027777777777777776 0.0594059405940594
1 0.5388888888888889 0.6683168316831684 0.027777777777777776 0.039603960396039604
1 0.5833333333333334 0.7029702970297029 0.04722222222222222 0.039603960396039604
1 0.12222222222222222 0.5148514851485149 0.016666666666666666 0.0594059405940594
1 0.2222222222222222 0.6039603960396039 0.030555555555555555 0.054455445544554455
5 0.37777777777777777 0.6881188118811881 0.03611111111111111 0.07425742574257425
1 0.3388888888888889 0.6534653465346535 0.03611111111111111 0.06435643564356436
1 0.35 0.6237623762376238 0.016666666666666666 0.0297029702970297
1 0.3888888888888889 0.599009900990099 0.013888888888888888 0.04455445544554455
1 0.4027777777777778 0.6534653465346535 0.030555555555555555 0.024752475247524754
5 0.2 0.5148514851485149 0.044444444444444446 0.054455445544554455
5 0.2111111111111111 0.504950495049505 0.06666666666666667 0.07920792079207921
1 0.4305555555555556 0.693069306930693 0.019444444444444445 0.019801980198019802