1 0.12222222222222222 0.5 0.022222222222222223 0.039603960396039604
5 0.3055555555555556 0.5198019801980198 0.06111111111111111 0.07425742574257425
1 0.18333333333333332 0.4603960396039604 0.04722222222222222 0.06435643564356436
5 0.18888888888888888 0.5 0.06111111111111111 0.0594059405940594
1 0.20555555555555555 0.5792079207920792 0.04722222222222222 0.04950495049504951
1 0.3277777777777778 0.6336633663366337 0.03888888888888889 0.054455445544554455
1 0.3388888888888889 0.6089108910891089 0.022222222222222223 0.019801980198019802
1 0.36666666666666664 0.6584158415841584 0.03888888888888889 0.06930693069306931
1 0.3888888888888889 0.6584158415841584 0.025 0.0297029702970297
1 0.3888888888888889 0.6039603960396039 0.011111111111111112 0.024752475247524754
1 0.38055555555555554 0.5594059405940595 0.05555555555555555 0.034653465346534656
5 0.4388888888888889 0.6039603960396039 0.05277777777777778 0.07425742574257425
1 0.5027777777777778 0.5792079207920792 0.027777777777777776 0.0594059405940594
1 0.5222222222222223 0.6435643564356436 0.022222222222222223 0.034653465346534656
1 0.5694444444444444 0.693069306930693 0.030555555555555555 0.0297029702970297
5 0.5166666666666667 0.7623762376237624 0.030555555555555555 0.054455445544554455
1 0.425 0.698019801980198 0.016666666666666666 0.01485148514851485