1 0.08888888888888889 0.4752475247524752 0.06666666666666667 0.034653465346534656
1 0.1388888888888889 0.38613861386138615 0.05277777777777778 0.07425742574257425
1 0.15555555555555556 0.4603960396039604 0.041666666666666664 0.04950495049504951
1 0.24444444444444444 0.44554455445544555 0.05555555555555555 0.054455445544554455
0 0.15555555555555556 0.5346534653465347 0.05 0.024752475247524754
1 0.24722222222222223 0.6089108910891089 0.07777777777777778 0.054455445544554455
0 0.29444444444444445 0.5742574257425742 0.041666666666666664 0.034653465346534656
0 0.3138888888888889 0.5445544554455446 0.027777777777777776 0.054455445544554455
5 0.36944444444444446 0.5643564356435643 0.041666666666666664 0.06435643564356436
5 0.4027777777777778 0.5445544554455446 0.05 0.06435643564356436
1 0.48333333333333334 0.5396039603960396 0.030555555555555555 0.04455445544554455
1 0.49444444444444446 0.594059405940594 0.025 0.039603960396039604
1 0.4777777777777778 0.693069306930693 0.05 0.07425742574257425
5 0.6277777777777778 0.6435643564356436 0.044444444444444446 0.034653465346534656
0 0.5472222222222223 0.6534653465346535 0.011111111111111112 0.054455445544554455
1 0.38333333333333336 0.7227722772277227 0.03333333333333333 0.0297029702970297
0 0.4083333333333333 0.7079207920792079 0.013888888888888888 0.019801980198019802
0 0.39166666666666666 0.6485148514851485 0.008333333333333333 0.019801980198019802
0 0.3333333333333333 0.6584158415841584 0.03333333333333333 0.034653465346534656
0 0.3611111111111111 0.6683168316831684 0.013888888888888888 0.0297029702970297
0 0.28055555555555556 0.6386138613861386 0.030555555555555555 0.0297029702970297