5 0.575 0.6188118811881188 0.03888888888888889 0.054455445544554455
5 0.5472222222222223 0.5693069306930693 0.011111111111111112 0.054455445544554455
5 0.48333333333333334 0.5346534653465347 0.016666666666666666 0.04455445544554455
5 0.45555555555555555 0.4752475247524752 0.025 0.0594059405940594
5 0.4166666666666667 0.599009900990099 0.06944444444444445 0.0891089108910891
1 0.35555555555555557 0.4603960396039604 0.041666666666666664 0.06930693069306931
0 0.33611111111111114 0.4900990099009901 0.03888888888888889 0.04950495049504951
1 0.2861111111111111 0.46534653465346537 0.03333333333333333 0.054455445544554455
1 0.20555555555555555 0.5396039603960396 0.06944444444444445 0.024752475247524754
5 0.175 0.400990099009901 0.06666666666666667 0.0594059405940594
5 0.1388888888888889 0.41089108910891087 0.03333333333333333 0.09405940594059406
0 0.08611111111111111 0.30198019801980197 0.05 0.06930693069306931
1 0.07777777777777778 0.5247524752475248 0.07222222222222222 0.04950495049504951
1 0.05277777777777778 0.5544554455445545 0.03611111111111111 0.04455445544554455
1 0.027777777777777776 0.43564356435643564 0.05277777777777778 0.07425742574257425
0 0.28888888888888886 0.6188118811881188 0.030555555555555555 0.039603960396039604
0 0.2861111111111111 0.5792079207920792 0.022222222222222223 0.0297029702970297
1 0.28888888888888886 0.5297029702970297 0.022222222222222223 0.0594059405940594
0 0.35 0.6237623762376238 0.022222222222222223 0.04950495049504951
0 0.3972222222222222 0.693069306930693 0.016666666666666666 0.024752475247524754
0 0.38055555555555554 0.6138613861386139 0.011111111111111112 0.034653465346534656
0 0.375 0.6435643564356436 0.011111111111111112 0.0297029702970297
0 0.2388888888888889 0.5742574257425742 0.027777777777777776 0.034653465346534656
0 0.25833333333333336 0.6138613861386139 0.016666666666666666 0.039603960396039604