5 0.38055555555555554 0.5445544554455446 0.07777777777777778 0.08415841584158416
0 0.12222222222222222 0.3910891089108911 0.06111111111111111 0.09405940594059406
5 0.15 0.3712871287128713 0.05555555555555555 0.06930693069306931
1 0.07222222222222222 0.2871287128712871 0.058333333333333334 0.07425742574257425
1 0.14722222222222223 0.5495049504950495 0.07777777777777778 0.0297029702970297
1 0.03333333333333333 0.5 0.06388888888888888 0.06435643564356436
1 0.03611111111111111 0.5346534653465347 0.05 0.034653465346534656
0 0.013888888888888888 0.4306930693069307 0.025 0.034653465346534656
1 0.33611111111111114 0.42574257425742573 0.030555555555555555 0.07425742574257425
1 0.4444444444444444 0.44554455445544555 0.025 0.054455445544554455
0 0.2722222222222222 0.4306930693069307 0.03333333333333333 0.0594059405940594
1 0.31666666666666665 0.45544554455445546 0.030555555555555555 0.0594059405940594
1 0.20833333333333334 0.5247524752475248 0.041666666666666664 0.054455445544554455
1 0.2722222222222222 0.5891089108910891 0.03888888888888889 0.04455445544554455
0 0.2722222222222222 0.5 0.030555555555555555 0.04950495049504951
0 0.2833333333333333 0.49504950495049505 0.016666666666666666 0.06435643564356436
0 0.24444444444444444 0.5891089108910891 0.019444444444444445 0.039603960396039604
0 0.3416666666666667 0.599009900990099 0.025 0.04950495049504951
0 0.30833333333333335 0.6386138613861386 0.011111111111111112 0.04950495049504951
0 0.39166666666666666 0.6534653465346535 0.011111111111111112 0.04455445544554455
5 0.4222222222222222 0.7128712871287128 0.03611111111111111 0.039603960396039604
0 0.4388888888888889 0.7029702970297029 0.025 0.054455445544554455
0 0.4861111111111111 0.7178217821782178 0.013888888888888888 0.04455445544554455
0 0.36666666666666664 0.6188118811881188 0.011111111111111112 0.024752475247524754
0 0.36944444444444446 0.5891089108910891 0.011111111111111112 0.0297029702970297
1 0.5472222222222223 0.5891089108910891 0.06111111111111111 0.06930693069306931
1 0.5472222222222223 0.5247524752475248 0.011111111111111112 0.06435643564356436
1 0.46944444444444444 0.49504950495049505 0.027777777777777776 0.039603960396039604