1 0.10555555555555556 0.3564356435643564 0.08055555555555556 0.1188118811881188
0 0.05 0.24257425742574257 0.027777777777777776 0.07425742574257425
0 0.016666666666666666 0.4752475247524752 0.03333333333333333 0.06930693069306931
0 0.016666666666666666 0.5297029702970297 0.030555555555555555 0.0297029702970297
5 0.075 0.5693069306930693 0.09722222222222222 0.039603960396039604
1 0.17777777777777778 0.4900990099009901 0.044444444444444446 0.0594059405940594
1 0.25277777777777777 0.39603960396039606 0.03333333333333333 0.0594059405940594
5 0.2972222222222222 0.4207920792079208 0.03333333333333333 0.07920792079207921
1 0.325 0.37623762376237624 0.03611111111111111 0.07425742574257425
5 0.3388888888888889 0.5099009900990099 0.08055555555555556 0.06930693069306931
5 0.4361111111111111 0.40594059405940597 0.027777777777777776 0.054455445544554455
0 0.25277777777777777 0.4504950495049505 0.030555555555555555 0.0594059405940594
0 0.2777777777777778 0.4603960396039604 0.022222222222222223 0.04455445544554455
0 0.25277777777777777 0.5198019801980198 0.022222222222222223 0.054455445544554455
0 0.25277777777777777 0.5594059405940595 0.044444444444444446 0.0297029702970297
0 0.2638888888888889 0.6485148514851485 0.025 0.054455445544554455
0 0.225 0.5693069306930693 0.016666666666666666 0.054455445544554455
0 0.25833333333333336 0.6089108910891089 0.013888888888888888 0.01485148514851485
1 0.30833333333333335 0.6089108910891089 0.027777777777777776 0.04950495049504951
0 0.33055555555555555 0.5693069306930693 0.019444444444444445 0.039603960396039604
0 0.3611111111111111 0.6039603960396039 0.016666666666666666 0.039603960396039604
0 0.3638888888888889 0.5643564356435643 0.011111111111111112 0.039603960396039604
0 0.3888888888888889 0.6237623762376238 0.019444444444444445 0.04950495049504951
5 0.40555555555555556 0.698019801980198 0.044444444444444446 0.04455445544554455
1 0.4305555555555556 0.6732673267326733 0.041666666666666664 0.08415841584158416
0 0.4583333333333333 0.6881188118811881 0.016666666666666666 0.024752475247524754
1 0.48055555555555557 0.6881188118811881 0.019444444444444445 0.04455445544554455
0 0.5388888888888889 0.7029702970297029 0.016666666666666666 0.04455445544554455
1 0.5277777777777778 0.5445544554455446 0.05277777777777778 0.09405940594059406
0 0.4527777777777778 0.4603960396039604 0.03333333333333333 0.04950495049504951
1 0.5416666666666666 0.4900990099009901 0.03611111111111111 0.07425742574257425