5 0.07222222222222222 0.3069306930693069 0.09722222222222222 0.1188118811881188
5 0.03888888888888889 0.18316831683168316 0.027777777777777776 0.10396039603960396
0 0.030555555555555555 0.5594059405940595 0.058333333333333334 0.039603960396039604
1 0.16111111111111112 0.4603960396039604 0.05555555555555555 0.06930693069306931
5 0.2222222222222222 0.5346534653465347 0.05555555555555555 0.0297029702970297
0 0.2388888888888889 0.4900990099009901 0.027777777777777776 0.0594059405940594
1 0.2361111111111111 0.40594059405940597 0.030555555555555555 0.06930693069306931
1 0.2388888888888889 0.3465346534653465 0.025 0.0594059405940594
5 0.2777777777777778 0.3712871287128713 0.03888888888888889 0.0891089108910891
1 0.3111111111111111 0.33663366336633666 0.030555555555555555 0.0891089108910891
1 0.4222222222222222 0.36633663366336633 0.019444444444444445 0.08415841584158416
1 0.4388888888888889 0.42574257425742573 0.019444444444444445 0.06435643564356436
5 0.5 0.4900990099009901 0.03333333333333333 0.09900990099009901
5 0.5222222222222223 0.4504950495049505 0.03333333333333333 0.0891089108910891
0 0.5388888888888889 0.6732673267326733 0.011111111111111112 0.04950495049504951
1 0.475 0.6485148514851485 0.019444444444444445 0.06930693069306931
5 0.4083333333333333 0.6188118811881188 0.030555555555555555 0.07920792079207921
0 0.38055555555555554 0.5841584158415841 0.013888888888888888 0.054455445544554455
1 0.35833333333333334 0.5297029702970297 0.005555555555555556 0.034653465346534656
1 0.325 0.5396039603960396 0.008333333333333333 0.06930693069306931
5 0.2861111111111111 0.45544554455445546 0.06944444444444445 0.07920792079207921
1 0.3 0.5742574257425742 0.027777777777777776 0.08415841584158416
1 0.24722222222222223 0.6089108910891089 0.025 0.04950495049504951
5 0.38055555555555554 0.6732673267326733 0.06666666666666667 0.054455445544554455
1 0.3472222222222222 0.5742574257425742 0.019444444444444445 0.034653465346534656
0 0.36944444444444446 0.6336633663366337 0.011111111111111112 0.0297029702970297
0 0.3 0.6435643564356436 0.019444444444444445 0.024752475247524754
0 0.4361111111111111 0.6683168316831684 0.030555555555555555 0.019801980198019802