1 0.04722222222222222 0.25742574257425743 0.08888888888888889 0.14356435643564355
1 0.019444444444444445 0.1188118811881188 0.030555555555555555 0.1485148514851485
0 0.125 0.4207920792079208 0.05555555555555555 0.07425742574257425
5 0.2222222222222222 0.3910891089108911 0.08055555555555556 0.10891089108910891
1 0.07222222222222222 0.6089108910891089 0.03333333333333333 0.04950495049504951
5 0.17222222222222222 0.5198019801980198 0.07222222222222222 0.04455445544554455
0 0.18611111111111112 0.4900990099009901 0.03333333333333333 0.04455445544554455
0 0.2222222222222222 0.45544554455445546 0.03611111111111111 0.06435643564356436
1 0.28055555555555556 0.5198019801980198 0.05 0.08415841584158416
1 0.23055555555555557 0.5792079207920792 0.030555555555555555 0.034653465346534656
0 0.20555555555555555 0.6188118811881188 0.044444444444444446 0.04950495049504951
0 0.28888888888888886 0.6287128712871287 0.019444444444444445 0.039603960396039604
1 0.3472222222222222 0.6633663366336634 0.06388888888888888 0.054455445544554455
0 0.21388888888888888 0.32673267326732675 0.025 0.0594059405940594
0 0.22777777777777777 0.3069306930693069 0.03333333333333333 0.07425742574257425
5 0.25277777777777777 0.30198019801980197 0.041666666666666664 0.10891089108910891
0 0.29444444444444445 0.27722772277227725 0.027777777777777776 0.08415841584158416
1 0.40555555555555556 0.30198019801980197 0.016666666666666666 0.09405940594059406
1 0.42777777777777776 0.38613861386138615 0.027777777777777776 0.06435643564356436
5 0.4777777777777778 0.4405940594059406 0.03888888888888889 0.1188118811881188
5 0.5083333333333333 0.3910891089108911 0.03888888888888889 0.08415841584158416
1 0.4638888888888889 0.6039603960396039 0.019444444444444445 0.06930693069306931
0 0.5388888888888889 0.6485148514851485 0.013888888888888888 0.06930693069306931
0 0.39166666666666666 0.5693069306930693 0.022222222222222223 0.07920792079207921
0 0.36944444444444446 0.5495049504950495 0.013888888888888888 0.054455445544554455
0 0.3527777777777778 0.5 0.011111111111111112 0.04950495049504951
0 0.32222222222222224 0.5 0.011111111111111112 0.0594059405940594
0 0.3416666666666667 0.5544554455445545 0.013888888888888888 0.04950495049504951
0 0.36944444444444446 0.6138613861386139 0.005555555555555556 0.019801980198019802
0 0.41388888888888886 0.6633663366336634 0.03888888888888889 0.009900990099009901
0 0.40555555555555556 0.6485148514851485 0.025 0.019801980198019802
0 0.43333333333333335 0.7029702970297029 0.030555555555555555 0.054455445544554455