5 0.1 0.2623762376237624 0.11944444444444445 0.16336633663366337
0 0.06111111111111111 0.32673267326732675 0.06666666666666667 0.10891089108910891
1 0.044444444444444446 0.4801980198019802 0.08333333333333333 0.0594059405940594
1 0.175 0.5396039603960396 0.05 0.034653465346534656
0 0.1388888888888889 0.5495049504950495 0.025 0.04455445544554455
0 0.1388888888888889 0.4158415841584158 0.03611111111111111 0.04950495049504951
0 0.19166666666666668 0.38613861386138615 0.03611111111111111 0.0594059405940594
1 0.22777777777777777 0.4158415841584158 0.05277777777777778 0.10891089108910891
1 0.23333333333333334 0.32673267326732675 0.03611111111111111 0.06435643564356436
0 0.17222222222222222 0.22772277227722773 0.041666666666666664 0.11386138613861387
5 0.19166666666666668 0.13366336633663367 0.075 0.1485148514851485
0 0.19166666666666668 0.22277227722772278 0.041666666666666664 0.08415841584158416
1 0.275 0.1485148514851485 0.030555555555555555 0.13366336633663367
0 0.375 0.13861386138613863 0.03333333333333333 0.11386138613861387
5 0.425 0.2623762376237624 0.06388888888888888 0.16336633663366337
1 0.40555555555555556 0.3118811881188119 0.022222222222222223 0.06930693069306931
5 0.46944444444444444 0.3118811881188119 0.025 0.12376237623762376
1 0.3138888888888889 0.3910891089108911 0.022222222222222223 0.08415841584158416
0 0.31666666666666665 0.4900990099009901 0.016666666666666666 0.04455445544554455
1 0.3611111111111111 0.47029702970297027 0.03888888888888889 0.09405940594059406
1 0.44166666666666665 0.5247524752475248 0.025 0.0891089108910891
0 0.5333333333333333 0.5742574257425742 0.019444444444444445 0.06435643564356436
0 0.49444444444444446 0.693069306930693 0.030555555555555555 0.0891089108910891
0 0.39166666666666666 0.6287128712871287 0.03888888888888889 0.04950495049504951
0 0.4527777777777778 0.6633663366336634 0.030555555555555555 0.07920792079207921
0 0.4361111111111111 0.7029702970297029 0.016666666666666666 0.0594059405940594
0 0.4166666666666667 0.6831683168316832 0.019444444444444445 0.04950495049504951
0 0.38055555555555554 0.6732673267326733 0.03611111111111111 0.019801980198019802
0 0.35833333333333334 0.5792079207920792 0.019444444444444445 0.039603960396039604
0 0.2722222222222222 0.5891089108910891 0.025 0.034653465346534656
0 0.019444444444444445 0.5643564356435643 0.03888888888888889 0.04950495049504951
0 0.20555555555555555 0.5247524752475248 0.013888888888888888 0.04950495049504951
0 0.16666666666666666 0.5841584158415841 0.03333333333333333 0.04455445544554455
1 0.2916666666666667 0.6336633663366337 0.05555555555555555 0.034653465346534656