5 0.12222222222222222 0.18316831683168316 0.1527777777777778 0.0594059405940594
0 0.49722222222222223 0.18811881188118812 0.022222222222222223 0.0297029702970297
0 0.48333333333333334 0.1485148514851485 0.013888888888888888 0.08415841584158416
0 0.3972222222222222 0.33663366336633666 0.03888888888888889 0.04950495049504951
0 0.36944444444444446 0.26732673267326734 0.05555555555555555 0.024752475247524754
0 0.3861111111111111 0.18316831683168316 0.016666666666666666 0.054455445544554455
0 0.3888888888888889 0.10396039603960396 0.03333333333333333 0.039603960396039604
0 0.2722222222222222 0.1485148514851485 0.03611111111111111 0.019801980198019802
0 0.24444444444444444 0.08415841584158416 0.04722222222222222 0.0297029702970297
0 0.2611111111111111 0.06435643564356436 0.041666666666666664 0.01485148514851485
0 0.21666666666666667 0.04950495049504951 0.016666666666666666 0.0297029702970297