5 0.23055555555555557 0.17326732673267325 0.13333333333333333 0.04950495049504951
0 0.4083333333333333 0.33663366336633666 0.041666666666666664 0.054455445544554455
0 0.39166666666666666 0.2623762376237624 0.058333333333333334 0.019801980198019802
0 0.5166666666666667 0.19306930693069307 0.03611111111111111 0.039603960396039604
0 0.4861111111111111 0.16831683168316833 0.011111111111111112 0.07920792079207921
0 0.40555555555555556 0.11386138613861387 0.025 0.06435643564356436
0 0.3972222222222222 0.15841584158415842 0.011111111111111112 0.04950495049504951
0 0.28888888888888886 0.039603960396039604 0.05277777777777778 0.024752475247524754
0 0.2388888888888889 0.07920792079207921 0.03333333333333333 0.04950495049504951
0 0.3 0.13861386138613863 0.019444444444444445 0.01485148514851485
0 0.24166666666666667 0.039603960396039604 0.030555555555555555 0.01485148514851485