5 0.4888888888888889 0.11386138613861387 0.1361111111111111 0.054455445544554455
0 0.37777777777777777 0.08415841584158416 0.04722222222222222 0.039603960396039604
0 0.525 0.22277227722772278 0.03888888888888889 0.0297029702970297
0 0.5611111111111111 0.2376237623762376 0.03611111111111111 0.039603960396039604
0 0.4361111111111111 0.27722772277227725 0.008333333333333333 0.0297029702970297
0 0.44166666666666665 0.4306930693069307 0.011111111111111112 0.054455445544554455
0 0.2611111111111111 0.22277227722772278 0.03888888888888889 0.039603960396039604
0 0.2916666666666667 0.13861386138613863 0.03888888888888889 0.034653465346534656
0 0.23055555555555557 0.08415841584158416 0.025 0.024752475247524754
0 0.3138888888888889 0.039603960396039604 0.041666666666666664 0.01485148514851485
0 0.35 0.12376237623762376 0.027777777777777776 0.0297029702970297