5 0.5194444444444445 0.10396039603960396 0.13333333333333333 0.0594059405940594
0 0.46111111111111114 0.1485148514851485 0.03333333333333333 0.0297029702970297
0 0.5388888888888889 0.23267326732673269 0.025 0.024752475247524754
0 0.575 0.2524752475247525 0.03333333333333333 0.0297029702970297
0 0.4444444444444444 0.4504950495049505 0.008333333333333333 0.06435643564356436
0 0.43333333333333335 0.27722772277227725 0.011111111111111112 0.034653465346534656
0 0.26944444444444443 0.22772277227722773 0.03611111111111111 0.034653465346534656
0 0.30277777777777776 0.14356435643564355 0.03333333333333333 0.04950495049504951
0 0.35555555555555557 0.12376237623762376 0.03333333333333333 0.024752475247524754
0 0.375 0.07425742574257425 0.05 0.0297029702970297
0 0.23055555555555557 0.07920792079207921 0.025 0.019801980198019802