0 0.5777777777777777 0.07920792079207921 0.13055555555555556 0.04455445544554455
0 0.475 0.15841584158415842 0.03333333333333333 0.04950495049504951
0 0.55 0.2524752475247525 0.011111111111111112 0.054455445544554455
0 0.6 0.26732673267326734 0.03333333333333333 0.034653465346534656
0 0.43333333333333335 0.29207920792079206 0.011111111111111112 0.0297029702970297
0 0.28055555555555556 0.24257425742574257 0.030555555555555555 0.024752475247524754
0 0.32222222222222224 0.1782178217821782 0.03333333333333333 0.0594059405940594
0 0.36666666666666664 0.06930693069306931 0.05 0.0594059405940594
0 0.36666666666666664 0.11386138613861387 0.03611111111111111 0.024752475247524754
0 0.23055555555555557 0.07425742574257425 0.016666666666666666 0.034653465346534656
0 0.45 0.49504950495049505 0.008333333333333333 0.034653465346534656