5 0.7583333333333333 0.46534653465346537 0.2 0.19801980198019803
5 0.6666666666666666 0.5544554455445545 0.16666666666666666 0.18811881188118812
5 0.44166666666666665 0.45544554455445546 0.11944444444444445 0.27722772277227725
5 0.34444444444444444 0.3069306930693069 0.075 0.0891089108910891
0 0.8666666666666667 0.1485148514851485 0.07777777777777778 0.04950495049504951
0 0.6777777777777778 0.19801980198019803 0.03888888888888889 0.04455445544554455
0 0.5722222222222222 0.3069306930693069 0.03333333333333333 0.04950495049504951
5 0.08888888888888889 0.6039603960396039 0.03333333333333333 0.21287128712871287
5 0.42777777777777776 0.8811881188118812 0.019444444444444445 0.18316831683168316
1 0.16944444444444445 0.8316831683168316 0.08611111111111111 0.08415841584158416
0 0.16944444444444445 0.7029702970297029 0.05277777777777778 0.0891089108910891
0 0.058333333333333334 0.7623762376237624 0.07222222222222222 0.054455445544554455
0 0.2777777777777778 0.7920792079207921 0.016666666666666666 0.04455445544554455
0 0.23333333333333334 0.9306930693069307 0.044444444444444446 0.054455445544554455
1 0.36666666666666664 0.9207920792079208 0.12222222222222222 0.06435643564356436
0 0.575 0.1188118811881188 0.03888888888888889 0.024752475247524754
0 0.19722222222222222 0.1782178217821782 0.06111111111111111 0.04950495049504951
0 0.18611111111111112 0.2871287128712871 0.016666666666666666 0.07425742574257425
0 0.2111111111111111 0.04950495049504951 0.016666666666666666 0.034653465346534656
0 0.4111111111111111 0.21782178217821782 0.013888888888888888 0.054455445544554455
0 0.4361111111111111 0.19306930693069307 0.016666666666666666 0.054455445544554455
0 0.425 0.18811881188118812 0.016666666666666666 0.009900990099009901
0 0.6194444444444445 0.11386138613861387 0.027777777777777776 0.024752475247524754
0 0.3972222222222222 0.07425742574257425 0.016666666666666666 0.019801980198019802
0 0.8777777777777778 0.039603960396039604 0.022222222222222223 0.019801980198019802
0 0.8805555555555555 0.5396039603960396 0.03888888888888889 0.01485148514851485
0 0.9361111111111111 0.5643564356435643 0.044444444444444446 0.01485148514851485
0 0.9666666666666667 0.7970297029702971 0.06388888888888888 0.04455445544554455
0 0.9694444444444444 0.9158415841584159 0.06111111111111111 0.04455445544554455
0 0.8611111111111112 0.8861386138613861 0.022222222222222223 0.09405940594059406
0 0.7444444444444445 0.8910891089108911 0.05 0.024752475247524754
0 0.6 0.5594059405940595 0.03333333333333333 0.0297029702970297
0 0.4888888888888889 0.38613861386138615 0.030555555555555555 0.01485148514851485
0 0.33055555555555555 0.5643564356435643 0.008333333333333333 0.024752475247524754
0 0.2777777777777778 0.38613861386138615 0.011111111111111112 0.054455445544554455
0 0.15555555555555556 0.4158415841584158 0.019444444444444445 0.0594059405940594
0 0.07222222222222222 0.400990099009901 0.019444444444444445 0.0594059405940594
0 0.06111111111111111 0.20297029702970298 0.022222222222222223 0.034653465346534656
0 0.15555555555555556 0.04950495049504951 0.011111111111111112 0.034653465346534656
0 0.12222222222222222 0.04950495049504951 0.005555555555555556 0.034653465346534656
0 0.5583333333333333 0.2376237623762376 0.027777777777777776 0.009900990099009901
0 0.5555555555555556 0.5396039603960396 0.03611111111111111 0.019801980198019802
0 0.6805555555555556 0.7920792079207921 0.03333333333333333 0.019801980198019802
0 0.06111111111111111 0.6039603960396039 0.044444444444444446 0.0297029702970297
0 0.03333333333333333 0.5346534653465347 0.025 0.039603960396039604
0 0.07222222222222222 0.5 0.03611111111111111 0.039603960396039604
0 0.09444444444444444 0.46534653465346537 0.011111111111111112 0.0594059405940594