5 0.24444444444444444 0.594059405940594 0.10277777777777777 0.18811881188118812
1 0.25833333333333336 0.3811881188118812 0.05277777777777778 0.07920792079207921
5 0.775 0.6534653465346535 0.1638888888888889 0.12871287128712872
1 0.9444444444444444 0.7524752475247525 0.10555555555555556 0.13366336633663367
0 0.9666666666666667 0.4306930693069307 0.058333333333333334 0.06930693069306931
1 0.9333333333333333 0.11386138613861387 0.13055555555555556 0.16831683168316833
0 0.7861111111111111 0.24752475247524752 0.022222222222222223 0.11386138613861387
5 0.5333333333333333 0.693069306930693 0.05277777777777778 0.14356435643564355
0 0.38055555555555554 0.8118811881188119 0.05277777777777778 0.14356435643564355
0 0.3138888888888889 0.7574257425742574 0.07777777777777778 0.07425742574257425
1 0.15 0.8811881188118812 0.13055555555555556 0.12871287128712872
5 0.21666666666666667 0.2376237623762376 0.041666666666666664 0.07920792079207921
0 0.36944444444444446 0.2722772277227723 0.019444444444444445 0.1188118811881188
0 0.3111111111111111 0.33663366336633666 0.011111111111111112 0.0297029702970297
0 0.7583333333333333 0.12871287128712872 0.03611111111111111 0.019801980198019802
0 0.65 0.3118811881188119 0.013888888888888888 0.04950495049504951
0 0.8111111111111111 0.26732673267326734 0.041666666666666664 0.024752475247524754
0 0.575 0.5396039603960396 0.030555555555555555 0.0297029702970297
0 0.6333333333333333 0.7524752475247525 0.027777777777777776 0.07920792079207921
0 0.6722222222222223 0.9306930693069307 0.030555555555555555 0.07425742574257425
5 0.5361111111111111 0.9851485148514851 0.09166666666666666 0.0297029702970297
0 0.4444444444444444 0.26732673267326734 0.027777777777777776 0.01485148514851485
0 0.475 0.24752475247524752 0.025 0.01485148514851485
0 0.29444444444444445 0.22277227722772278 0.011111111111111112 0.06435643564356436
0 0.3111111111111111 0.29207920792079206 0.011111111111111112 0.039603960396039604
0 0.1388888888888889 0.2722772277227723 0.05555555555555555 0.07425742574257425
0 0.11666666666666667 0.19306930693069307 0.03333333333333333 0.09900990099009901
0 0.08333333333333333 0.3316831683168317 0.03888888888888889 0.06435643564356436
0 0.125 0.39603960396039606 0.013888888888888888 0.04455445544554455
0 0.32222222222222224 0.5346534653465347 0.025 0.06930693069306931
0 0.025 0.297029702970297 0.041666666666666664 0.024752475247524754
0 0.06111111111111111 0.31683168316831684 0.058333333333333334 0.034653465346534656
0 0.08888888888888889 0.26732673267326734 0.04722222222222222 0.024752475247524754
0 0.15833333333333333 0.15841584158415842 0.03611111111111111 0.039603960396039604
0 0.19722222222222222 0.6782178217821783 0.025 0.054455445544554455
0 0.2916666666666667 0.4752475247524752 0.011111111111111112 0.04455445544554455
0 0.33611111111111114 0.31683168316831684 0.011111111111111112 0.0297029702970297
0 0.275 0.2722772277227723 0.013888888888888888 0.039603960396039604
0 0.9166666666666666 0.22277227722772278 0.03888888888888889 0.019801980198019802
0 0.5277777777777778 0.38613861386138615 0.019444444444444445 0.0297029702970297