5 0.6277777777777778 0.504950495049505 0.17777777777777778 0.21287128712871287
5 0.6333333333333333 0.7227722772277227 0.175 0.17326732673267325
5 0.6472222222222223 0.2376237623762376 0.03611111111111111 0.13861386138613863
1 0.95 0.26732673267326734 0.09444444444444444 0.0891089108910891
0 0.975 0.5346534653465347 0.05 0.04950495049504951
0 0.7444444444444445 0.5198019801980198 0.08333333333333333 0.06930693069306931
5 0.3472222222222222 0.5099009900990099 0.044444444444444446 0.13366336633663367
0 0.06388888888888888 0.4603960396039604 0.06111111111111111 0.1188118811881188
0 0.14166666666666666 0.3316831683168317 0.06111111111111111 0.06435643564356436
0 0.05277777777777778 0.25742574257425743 0.041666666666666664 0.07425742574257425
0 0.041666666666666664 0.13861386138613863 0.03611111111111111 0.06435643564356436
0 0.10833333333333334 0.15841584158415842 0.03333333333333333 0.09405940594059406
0 0.3111111111111111 0.19801980198019803 0.016666666666666666 0.10396039603960396
0 0.26944444444444443 0.30198019801980197 0.019444444444444445 0.034653465346534656
0 0.25833333333333336 0.42574257425742573 0.011111111111111112 0.09900990099009901
0 0.2111111111111111 0.6435643564356436 0.016666666666666666 0.1485148514851485
0 0.11944444444444445 0.5445544554455446 0.027777777777777776 0.06435643564356436
0 0.5166666666666667 0.8465346534653465 0.044444444444444446 0.0891089108910891
0 0.325 0.9455445544554455 0.08888888888888889 0.034653465346534656
0 0.2916666666666667 0.7623762376237624 0.075 0.039603960396039604
0 0.4861111111111111 0.45544554455445546 0.016666666666666666 0.054455445544554455
0 0.5472222222222223 0.2524752475247525 0.019444444444444445 0.054455445544554455
0 0.7583333333333333 0.2524752475247525 0.025 0.04950495049504951
0 0.03333333333333333 0.2623762376237624 0.025 0.07920792079207921
0 0.04722222222222222 0.29207920792079206 0.05555555555555555 0.019801980198019802
0 0.03333333333333333 0.43564356435643564 0.03611111111111111 0.054455445544554455
0 0.25 0.16336633663366337 0.005555555555555556 0.06435643564356436
0 0.3138888888888889 0.30198019801980197 0.022222222222222223 0.019801980198019802
0 0.35555555555555557 0.22277227722772278 0.019444444444444445 0.04455445544554455
0 0.4638888888888889 0.2079207920792079 0.019444444444444445 0.01485148514851485
0 0.5805555555555556 0.8316831683168316 0.008333333333333333 0.0594059405940594
0 0.5861111111111111 0.6782178217821783 0.044444444444444446 0.039603960396039604
0 0.7027777777777777 0.7425742574257426 0.008333333333333333 0.0297029702970297
0 0.6777777777777778 0.5891089108910891 0.019444444444444445 0.04950495049504951
0 0.7 0.21287128712871287 0.027777777777777776 0.019801980198019802
0 0.875 0.22772277227722773 0.03611111111111111 0.024752475247524754
0 0.8166666666666667 0.5841584158415841 0.005555555555555556 0.06435643564356436
0 0.475 0.9851485148514851 0.07777777777777778 0.024752475247524754
0 0.45555555555555555 0.37623762376237624 0.019444444444444445 0.01485148514851485