5 0.5972222222222222 0.38613861386138615 0.24722222222222223 0.21287128712871287
5 0.7444444444444445 0.45544554455445546 0.1 0.04455445544554455
5 0.5305555555555556 0.6138613861386139 0.04722222222222222 0.19306930693069307
5 0.5888888888888889 0.5693069306930693 0.07777777777777778 0.07425742574257425
0 0.7027777777777777 0.6683168316831684 0.03888888888888889 0.054455445544554455
0 0.30277777777777776 0.10891089108910891 0.03333333333333333 0.15346534653465346
0 0.2861111111111111 0.12871287128712872 0.030555555555555555 0.08415841584158416
0 0.24166666666666667 0.06435643564356436 0.013888888888888888 0.07425742574257425
5 0.13333333333333333 0.27722772277227725 0.04722222222222222 0.21782178217821782
0 0.019444444444444445 0.24257425742574257 0.03611111111111111 0.10891089108910891
0 0.011111111111111112 0.04950495049504951 0.019444444444444445 0.024752475247524754
0 0.5805555555555556 0.0594059405940594 0.016666666666666666 0.054455445544554455
0 0.7527777777777778 0.0594059405940594 0.03888888888888889 0.04455445544554455
0 0.8638888888888889 0.06435643564356436 0.044444444444444446 0.0594059405940594
0 0.9666666666666667 0.11386138613861387 0.025 0.039603960396039604
0 0.8861111111111111 0.400990099009901 0.011111111111111112 0.09900990099009901
0 0.9083333333333333 0.5841584158415841 0.016666666666666666 0.07425742574257425
0 0.8722222222222222 0.7029702970297029 0.03888888888888889 0.054455445544554455
0 0.775 0.6435643564356436 0.011111111111111112 0.0594059405940594
0 0.6055555555555555 0.8564356435643564 0.05 0.034653465346534656
5 0.6638888888888889 0.9504950495049505 0.044444444444444446 0.09405940594059406
0 0.8083333333333333 0.9603960396039604 0.05555555555555555 0.07920792079207921
0 0.8083333333333333 0.8316831683168316 0.04722222222222222 0.04455445544554455
0 0.3611111111111111 0.7029702970297029 0.08333333333333333 0.04950495049504951
0 0.2222222222222222 0.8118811881188119 0.041666666666666664 0.12376237623762376
0 0.41388888888888886 0.9554455445544554 0.1 0.039603960396039604
0 0.5111111111111111 0.7524752475247525 0.022222222222222223 0.039603960396039604
0 0.8638888888888889 0.8811881188118812 0.019444444444444445 0.04455445544554455
0 0.8416666666666667 0.24752475247524752 0.016666666666666666 0.0594059405940594
0 0.7944444444444444 0.22772277227722773 0.011111111111111112 0.04950495049504951
0 0.7527777777777778 0.11386138613861387 0.011111111111111112 0.039603960396039604
0 0.6722222222222223 0.13861386138613863 0.008333333333333333 0.04455445544554455
0 0.5861111111111111 0.25742574257425743 0.06666666666666667 0.0297029702970297
0 0.44166666666666665 0.2871287128712871 0.030555555555555555 0.04455445544554455
0 0.2722222222222222 0.297029702970297 0.008333333333333333 0.04455445544554455
0 0.3638888888888889 0.23267326732673269 0.022222222222222223 0.0297029702970297
0 0.38055555555555554 0.3811881188118812 0.008333333333333333 0.04950495049504951
0 0.4305555555555556 0.3811881188118812 0.011111111111111112 0.04455445544554455
0 0.33611111111111114 0.6732673267326733 0.011111111111111112 0.054455445544554455
0 0.09166666666666666 0.6782178217821783 0.025 0.0297029702970297
0 0.9 0.905940594059406 0.05555555555555555 0.0594059405940594
0 0.7777777777777778 0.9108910891089109 0.03333333333333333 0.04950495049504951
0 0.7138888888888889 0.8366336633663366 0.011111111111111112 0.06435643564356436
0 0.3055555555555556 0.36633663366336633 0.022222222222222223 0.024752475247524754
0 0.28055555555555556 0.30198019801980197 0.013888888888888888 0.039603960396039604
0 0.19444444444444445 0.297029702970297 0.019444444444444445 0.034653465346534656