5 0.3888888888888889 0.16336633663366337 0.18611111111111112 0.25742574257425743
5 0.43333333333333335 0.3712871287128713 0.12777777777777777 0.11386138613861387
5 0.11666666666666667 0.20297029702970298 0.12777777777777777 0.14356435643564355
0 0.03888888888888889 0.10396039603960396 0.05277777777777778 0.12871287128712872
0 0.03888888888888889 0.21782178217821782 0.016666666666666666 0.08415841584158416
0 0.05 0.35148514851485146 0.041666666666666664 0.04950495049504951
0 0.041666666666666664 0.5346534653465347 0.019444444444444445 0.08415841584158416
0 0.019444444444444445 0.5396039603960396 0.025 0.07920792079207921
0 0.175 0.6584158415841584 0.05555555555555555 0.0297029702970297
5 0.3333333333333333 0.8168316831683168 0.3111111111111111 0.2079207920792079
5 0.6972222222222222 0.6188118811881188 0.175 0.1485148514851485
5 0.8444444444444444 0.5594059405940595 0.12222222222222222 0.09900990099009901
5 0.8361111111111111 0.48514851485148514 0.027777777777777776 0.13366336633663367
0 0.7805555555555556 0.24257425742574257 0.08055555555555556 0.034653465346534656
0 0.5444444444444444 0.07425742574257425 0.04722222222222222 0.08415841584158416
0 0.8527777777777777 0.0594059405940594 0.030555555555555555 0.054455445544554455
0 0.9722222222222222 0.2871287128712871 0.027777777777777776 0.09900990099009901
0 0.875 0.4405940594059406 0.041666666666666664 0.04950495049504951
0 0.8861111111111111 0.5841584158415841 0.03333333333333333 0.07920792079207921
0 0.7055555555555556 0.8960396039603961 0.08888888888888889 0.10396039603960396
0 0.5361111111111111 0.7821782178217822 0.05555555555555555 0.06435643564356436
0 0.5444444444444444 0.7425742574257426 0.06666666666666667 0.039603960396039604
0 0.6388888888888888 0.8514851485148515 0.05 0.0297029702970297
0 0.6444444444444445 0.8861386138613861 0.03888888888888889 0.024752475247524754
0 0.8111111111111111 0.7277227722772277 0.03333333333333333 0.06435643564356436
0 0.8083333333333333 0.6237623762376238 0.03333333333333333 0.0594059405940594
0 0.9361111111111111 0.8118811881188119 0.05277777777777778 0.039603960396039604
0 0.9333333333333333 0.9356435643564357 0.022222222222222223 0.12871287128712872
0 0.95 0.8118811881188119 0.011111111111111112 0.0594059405940594
0 0.9833333333333333 0.7425742574257426 0.025 0.034653465346534656
0 0.9222222222222223 0.17326732673267325 0.03333333333333333 0.0594059405940594
0 0.8472222222222222 0.19801980198019803 0.011111111111111112 0.034653465346534656
0 0.8277777777777777 0.09405940594059406 0.016666666666666666 0.04455445544554455
0 0.725 0.06930693069306931 0.005555555555555556 0.054455445544554455
0 0.20833333333333334 0.13861386138613863 0.027777777777777776 0.01485148514851485
0 0.17777777777777778 0.04455445544554455 0.03333333333333333 0.024752475247524754
0 0.4083333333333333 0.6386138613861386 0.019444444444444445 0.0594059405940594
0 0.325 0.7079207920792079 0.025 0.054455445544554455
0 0.3138888888888889 0.42574257425742573 0.027777777777777776 0.0297029702970297
0 0.25555555555555554 0.3118811881188119 0.013888888888888888 0.034653465346534656
0 0.3527777777777778 0.2722772277227723 0.011111111111111112 0.0594059405940594
0 0.37222222222222223 0.26732673267326734 0.016666666666666666 0.04455445544554455
0 0.41944444444444445 0.10891089108910891 0.022222222222222223 0.0891089108910891
0 0.33611111111111114 0.2722772277227723 0.022222222222222223 0.0297029702970297
0 0.5111111111111111 0.32673267326732675 0.025 0.034653465346534656
0 0.48333333333333334 0.2376237623762376 0.016666666666666666 0.019801980198019802
0 0.575 0.08415841584158416 0.008333333333333333 0.04455445544554455
0 0.65 0.5643564356435643 0.05277777777777778 0.10396039603960396
0 0.21944444444444444 0.9529702970297029 0.06666666666666667 0.09405940594059406