0 0.05555555555555555 0.2079207920792079 0.10833333333333334 0.24752475247524752
5 0.5916666666666667 0.21287128712871287 0.075 0.14356435643564355
5 0.5055555555555555 0.6287128712871287 0.15833333333333333 0.09405940594059406
5 0.4888888888888889 0.8465346534653465 0.16666666666666666 0.07920792079207921
5 0.8 0.6633663366336634 0.09444444444444444 0.1188118811881188
5 0.7055555555555556 0.49504950495049505 0.025 0.1485148514851485
5 0.7638888888888888 0.31683168316831684 0.05277777777777778 0.06930693069306931
0 0.9027777777777778 0.28217821782178215 0.030555555555555555 0.07425742574257425
5 0.3888888888888889 0.2623762376237624 0.022222222222222223 0.12376237623762376
0 0.2222222222222222 0.5 0.1 0.07920792079207921
0 0.1527777777777778 0.6831683168316832 0.1 0.0594059405940594
0 0.10555555555555556 0.693069306930693 0.027777777777777776 0.0297029702970297
0 0.3194444444444444 0.698019801980198 0.06388888888888888 0.07425742574257425
0 0.46111111111111114 0.7376237623762376 0.06944444444444445 0.04950495049504951
0 0.4777777777777778 0.698019801980198 0.044444444444444446 0.0297029702970297
0 0.2833333333333333 0.8267326732673267 0.05555555555555555 0.06930693069306931
0 0.18055555555555555 0.8514851485148515 0.025 0.0891089108910891
0 0.4111111111111111 0.7821782178217822 0.044444444444444446 0.04950495049504951
0 0.8194444444444444 0.9207920792079208 0.03611111111111111 0.1188118811881188
0 0.7694444444444445 0.9306930693069307 0.03333333333333333 0.04950495049504951
0 0.8333333333333334 0.7871287128712872 0.019444444444444445 0.06435643564356436
0 0.9611111111111111 0.693069306930693 0.03888888888888889 0.07425742574257425
5 0.9527777777777777 0.5099009900990099 0.03888888888888889 0.07920792079207921
5 0.9305555555555556 0.47029702970297027 0.03333333333333333 0.08415841584158416
0 0.8333333333333334 0.4504950495049505 0.03888888888888889 0.054455445544554455
0 0.8305555555555556 0.5594059405940595 0.044444444444444446 0.0891089108910891
0 0.7722222222222223 0.6039603960396039 0.025 0.04455445544554455
0 0.9138888888888889 0.8118811881188119 0.05 0.024752475247524754
0 0.8805555555555555 0.9603960396039604 0.05 0.0297029702970297
0 0.1388888888888889 0.46534653465346537 0.05555555555555555 0.04455445544554455
0 0.075 0.5 0.013888888888888888 0.07425742574257425
0 0.4777777777777778 0.3217821782178218 0.03611111111111111 0.04455445544554455
0 0.525 0.3069306930693069 0.027777777777777776 0.04455445544554455
0 0.5972222222222222 0.06930693069306931 0.016666666666666666 0.06930693069306931
0 0.6638888888888889 0.07425742574257425 0.011111111111111112 0.034653465346534656
0 0.7666666666666667 0.13366336633663367 0.013888888888888888 0.04455445544554455
0 0.7944444444444444 0.10396039603960396 0.019444444444444445 0.06930693069306931
0 0.8861111111111111 0.16336633663366337 0.025 0.04455445544554455
0 0.9166666666666666 0.04950495049504951 0.008333333333333333 0.039603960396039604
0 0.9611111111111111 0.10396039603960396 0.011111111111111112 0.04950495049504951
0 0.975 0.3316831683168317 0.011111111111111112 0.0594059405940594
0 0.42777777777777776 0.3613861386138614 0.016666666666666666 0.039603960396039604
0 0.375 0.32673267326732675 0.03333333333333333 0.024752475247524754
0 0.25277777777777777 0.14356435643564355 0.041666666666666664 0.04455445544554455
0 0.3055555555555556 0.054455445544554455 0.011111111111111112 0.039603960396039604
0 0.225 0.04950495049504951 0.016666666666666666 0.039603960396039604
0 0.10277777777777777 0.054455445544554455 0.016666666666666666 0.039603960396039604
0 0.05555555555555555 0.15346534653465346 0.022222222222222223 0.08415841584158416
0 0.09166666666666666 0.2079207920792079 0.008333333333333333 0.07425742574257425
0 0.21944444444444444 0.32673267326732675 0.011111111111111112 0.054455445544554455
0 0.25 0.26732673267326734 0.03333333333333333 0.024752475247524754
0 0.2861111111111111 0.35148514851485146 0.016666666666666666 0.024752475247524754
0 0.375 0.3118811881188119 0.025 0.024752475247524754
0 0.044444444444444446 0.5346534653465347 0.019444444444444445 0.0594059405940594
0 0.06666666666666667 0.5297029702970297 0.027777777777777776 0.0297029702970297
0 0.5416666666666666 0.8267326732673267 0.05 0.034653465346534656
0 0.5722222222222222 0.8564356435643564 0.03333333333333333 0.09900990099009901