5 0.2972222222222222 0.5 0.08055555555555556 0.06930693069306931
5 0.44722222222222224 0.5148514851485149 0.041666666666666664 0.14356435643564355
5 0.6055555555555555 0.6534653465346535 0.058333333333333334 0.14356435643564355
5 0.9555555555555556 0.4801980198019802 0.08611111111111111 0.07425742574257425
0 0.8777777777777778 0.06435643564356436 0.041666666666666664 0.06435643564356436
0 0.975 0.28217821782178215 0.044444444444444446 0.1188118811881188
0 0.9722222222222222 0.2524752475247525 0.04722222222222222 0.09405940594059406
0 0.25277777777777777 0.09900990099009901 0.044444444444444446 0.039603960396039604
0 0.35555555555555557 0.0594059405940594 0.011111111111111112 0.04950495049504951
0 0.45555555555555555 0.11386138613861387 0.022222222222222223 0.054455445544554455
0 0.6083333333333333 0.19306930693069307 0.027777777777777776 0.0594059405940594
0 0.6444444444444445 0.1485148514851485 0.030555555555555555 0.04455445544554455
0 0.7555555555555555 0.14356435643564355 0.025 0.0297029702970297
0 0.6833333333333333 0.7821782178217822 0.058333333333333334 0.04455445544554455
0 0.2916666666666667 0.8168316831683168 0.07777777777777778 0.09405940594059406
5 0.3055555555555556 0.8564356435643564 0.1111111111111111 0.10891089108910891
5 0.4083333333333333 0.900990099009901 0.030555555555555555 0.15346534653465346
5 0.38055555555555554 0.6633663366336634 0.09444444444444444 0.13366336633663367
0 0.25277777777777777 0.6336633663366337 0.05 0.04950495049504951
0 0.41388888888888886 0.6237623762376238 0.05 0.06435643564356436
0 0.48333333333333334 0.6732673267326733 0.011111111111111112 0.06930693069306931
0 0.5277777777777778 0.7821782178217822 0.058333333333333334 0.034653465346534656
0 0.5444444444444444 0.9207920792079208 0.03611111111111111 0.04455445544554455
0 0.5833333333333334 0.9356435643564357 0.044444444444444446 0.0297029702970297
0 0.49166666666666664 0.9702970297029703 0.06388888888888888 0.0594059405940594
0 0.6861111111111111 0.8861386138613861 0.03333333333333333 0.034653465346534656
0 0.75 0.905940594059406 0.025 0.039603960396039604
0 0.8472222222222222 0.9801980198019802 0.03888888888888889 0.039603960396039604
0 0.9694444444444444 0.9257425742574258 0.058333333333333334 0.0891089108910891
0 0.8722222222222222 0.5445544554455446 0.030555555555555555 0.09900990099009901
0 0.5111111111111111 0.3465346534653465 0.05 0.024752475247524754
0 0.3416666666666667 0.3465346534653465 0.041666666666666664 0.0594059405940594
0 0.38333333333333336 0.3465346534653465 0.030555555555555555 0.034653465346534656
0 0.2222222222222222 0.18811881188118812 0.03333333333333333 0.10396039603960396
0 0.05555555555555555 0.09900990099009901 0.075 0.12376237623762376
0 0.15555555555555556 0.3118811881188119 0.06388888888888888 0.0297029702970297
0 0.1638888888888889 0.5594059405940595 0.025 0.039603960396039604
0 0.4638888888888889 0.2524752475247525 0.022222222222222223 0.039603960396039604
0 0.4305555555555556 0.21287128712871287 0.027777777777777776 0.0049504950495049506
0 0.2916666666666667 0.2524752475247525 0.011111111111111112 0.04950495049504951
0 0.4361111111111111 0.3316831683168317 0.03611111111111111 0.01485148514851485
0 0.20555555555555555 0.15841584158415842 0.022222222222222223 0.06435643564356436