0 0.6083333333333333 0.6683168316831684 0.044444444444444446 0.034653465346534656
0 0.9055555555555556 0.2376237623762376 0.044444444444444446 0.04455445544554455
0 0.9527777777777777 0.3613861386138614 0.04722222222222222 0.024752475247524754
0 0.9555555555555556 0.4158415841584158 0.044444444444444446 0.04455445544554455
0 0.8888888888888888 0.46534653465346537 0.03611111111111111 0.024752475247524754
0 0.32222222222222224 0.8712871287128713 0.05555555555555555 0.024752475247524754
0 0.36666666666666664 0.37623762376237624 0.025 0.019801980198019802
0 0.5583333333333333 0.7079207920792079 0.025 0.04455445544554455
0 0.5222222222222223 0.6732673267326733 0.016666666666666666 0.024752475247524754
0 0.5361111111111111 0.7376237623762376 0.019444444444444445 0.019801980198019802
0 0.4777777777777778 0.5445544554455446 0.019444444444444445 0.024752475247524754
0 0.25277777777777777 0.46534653465346537 0.011111111111111112 0.0297029702970297
0 0.20555555555555555 0.30198019801980197 0.022222222222222223 0.04455445544554455