1 0.34444444444444444 0.7673267326732673 0.09166666666666666 0.08415841584158416
5 0.35555555555555557 0.47029702970297027 0.09166666666666666 0.0594059405940594
5 0.41944444444444445 0.400990099009901 0.016666666666666666 0.14356435643564355
5 0.6444444444444445 0.5544554455445545 0.09166666666666666 0.11386138613861387
5 0.8111111111111111 0.3712871287128713 0.016666666666666666 0.1485148514851485
0 0.9694444444444444 0.17326732673267325 0.058333333333333334 0.10891089108910891
5 0.24166666666666667 0.27722772277227725 0.06111111111111111 0.07425742574257425
0 0.10277777777777777 0.2376237623762376 0.03611111111111111 0.12871287128712872
0 0.2833333333333333 0.6386138613861386 0.06666666666666667 0.034653465346534656
5 0.42777777777777776 0.7772277227722773 0.041666666666666664 0.1485148514851485
5 0.4166666666666667 0.8168316831683168 0.030555555555555555 0.14356435643564355
0 0.5555555555555556 0.7722772277227723 0.05555555555555555 0.039603960396039604
0 0.5361111111111111 0.9504950495049505 0.030555555555555555 0.054455445544554455
0 0.5555555555555556 0.9900990099009901 0.05 0.019801980198019802
0 0.3416666666666667 0.9653465346534653 0.06111111111111111 0.06435643564356436
0 0.3611111111111111 0.9108910891089109 0.03611111111111111 0.0297029702970297
0 0.49722222222222223 0.8712871287128713 0.027777777777777776 0.024752475247524754
0 0.6472222222222223 0.9108910891089109 0.058333333333333334 0.019801980198019802
0 0.8333333333333334 0.9158415841584159 0.030555555555555555 0.06930693069306931
0 0.7472222222222222 0.806930693069307 0.058333333333333334 0.054455445544554455
0 0.7 0.8663366336633663 0.041666666666666664 0.0297029702970297
0 0.9333333333333333 0.9455445544554455 0.05 0.04455445544554455
0 0.8638888888888889 0.4158415841584158 0.025 0.054455445544554455
5 0.46111111111111114 0.5544554455445545 0.06666666666666667 0.04455445544554455
5 0.43333333333333335 0.5148514851485149 0.025 0.07920792079207921
0 0.19444444444444445 0.5495049504950495 0.06111111111111111 0.024752475247524754
0 0.375 0.4158415841584158 0.013888888888888888 0.039603960396039604
0 0.5472222222222223 0.3316831683168317 0.05 0.024752475247524754
0 0.4166666666666667 0.27722772277227725 0.016666666666666666 0.04455445544554455
0 0.44722222222222224 0.18811881188118812 0.027777777777777776 0.01485148514851485
0 0.4583333333333333 0.15346534653465346 0.011111111111111112 0.039603960396039604
0 0.6055555555555555 0.07920792079207921 0.016666666666666666 0.07425742574257425
0 0.6611111111111111 0.04455445544554455 0.025 0.024752475247524754
0 0.7027777777777777 0.07425742574257425 0.011111111111111112 0.04455445544554455
0 0.2777777777777778 0.06435643564356436 0.041666666666666664 0.06930693069306931
0 0.3111111111111111 0.04455445544554455 0.022222222222222223 0.019801980198019802
0 0.2861111111111111 0.16831683168316833 0.011111111111111112 0.034653465346534656
0 0.26944444444444443 0.11386138613861387 0.019444444444444445 0.024752475247524754
0 0.2111111111111111 0.22772277227722773 0.019444444444444445 0.054455445544554455
0 0.05555555555555555 0.2623762376237624 0.04722222222222222 0.024752475247524754
0 0.46111111111111114 0.29207920792079206 0.03611111111111111 0.01485148514851485