5 0.04722222222222222 0.1188118811881188 0.08333333333333333 0.04455445544554455
5 0.2833333333333333 0.33663366336633666 0.044444444444444446 0.11386138613861387
5 0.3638888888888889 0.38613861386138615 0.027777777777777776 0.12376237623762376
1 0.4361111111111111 0.9455445544554455 0.14722222222222223 0.10396039603960396
5 0.3861111111111111 0.8861386138613861 0.06388888888888888 0.13861386138613863
5 0.4 0.7574257425742574 0.019444444444444445 0.15841584158415842
5 0.3 0.6633663366336634 0.058333333333333334 0.054455445544554455
5 0.6444444444444445 0.5643564356435643 0.09444444444444444 0.08415841584158416
5 0.7 0.30198019801980197 0.025 0.1485148514851485
5 0.39444444444444443 0.5 0.041666666666666664 0.10396039603960396
5 0.5 0.5594059405940595 0.04722222222222222 0.07425742574257425
0 0.5416666666666666 0.7722772277227723 0.022222222222222223 0.0297029702970297
0 0.5222222222222223 0.8564356435643564 0.05 0.019801980198019802
0 0.7694444444444445 0.8514851485148515 0.06388888888888888 0.034653465346534656
0 0.7944444444444444 0.8811881188118812 0.041666666666666664 0.06435643564356436
0 0.6833333333333333 0.9257425742574258 0.05555555555555555 0.024752475247524754
0 0.6916666666666667 0.8762376237623762 0.04722222222222222 0.019801980198019802
0 0.9805555555555555 0.6287128712871287 0.03333333333333333 0.054455445544554455
0 0.9638888888888889 0.19801980198019803 0.06666666666666667 0.10396039603960396
0 0.9611111111111111 0.18316831683168316 0.04722222222222222 0.04455445544554455
0 0.6666666666666666 0.07425742574257425 0.03611111111111111 0.0297029702970297
0 0.575 0.04950495049504951 0.025 0.039603960396039604
0 0.4111111111111111 0.24752475247524752 0.019444444444444445 0.039603960396039604
0 0.4361111111111111 0.15346534653465346 0.025 0.034653465346534656
0 0.28888888888888886 0.07920792079207921 0.016666666666666666 0.09900990099009901
0 0.33055555555555555 0.06435643564356436 0.03333333333333333 0.06930693069306931
0 0.12222222222222222 0.44554455445544555 0.058333333333333334 0.08415841584158416
0 0.26944444444444443 0.5198019801980198 0.04722222222222222 0.019801980198019802
0 0.3638888888888889 0.5495049504950495 0.011111111111111112 0.054455445544554455
0 0.44722222222222224 0.31683168316831684 0.03333333333333333 0.019801980198019802
0 0.5333333333333333 0.3712871287128713 0.03611111111111111 0.0594059405940594
0 0.4361111111111111 0.21287128712871287 0.030555555555555555 0.009900990099009901
0 0.39444444444444443 0.12376237623762376 0.025 0.01485148514851485
0 0.8333333333333334 0.4158415841584158 0.019444444444444445 0.06435643564356436
0 0.29444444444444445 0.900990099009901 0.03333333333333333 0.024752475247524754