5 0.4722222222222222 0.48514851485148514 0.03611111111111111 0.1188118811881188
5 0.48055555555555557 0.7029702970297029 0.06666666666666667 0.13861386138613863
0 0.6777777777777778 0.9306930693069307 0.06111111111111111 0.13366336633663367
0 0.7555555555555555 0.6039603960396039 0.08333333333333333 0.0594059405940594
5 0.5944444444444444 0.5445544554455446 0.06388888888888888 0.04455445544554455
5 0.6888888888888889 0.24752475247524752 0.019444444444444445 0.14356435643564355
5 0.2777777777777778 0.054455445544554455 0.14722222222222223 0.04455445544554455
0 0.4111111111111111 0.08415841584158416 0.044444444444444446 0.07920792079207921
5 0.3611111111111111 0.2722772277227723 0.041666666666666664 0.13366336633663367
5 0.38333333333333336 0.4158415841584158 0.022222222222222223 0.12376237623762376
5 0.16111111111111112 0.24752475247524752 0.07777777777777778 0.07425742574257425
0 0.36666666666666664 0.6732673267326733 0.05555555555555555 0.0297029702970297
0 0.20277777777777778 0.5544554455445545 0.03888888888888889 0.0594059405940594
0 0.35555555555555557 0.5396039603960396 0.044444444444444446 0.0297029702970297
0 0.43333333333333335 0.44554455445544555 0.027777777777777776 0.054455445544554455
0 0.4638888888888889 0.2871287128712871 0.019444444444444445 0.054455445544554455
0 0.3111111111111111 0.29207920792079206 0.025 0.01485148514851485
0 0.31666666666666665 0.14356435643564355 0.04722222222222222 0.024752475247524754
0 0.19722222222222222 0.3069306930693069 0.019444444444444445 0.04950495049504951
0 0.2361111111111111 0.3069306930693069 0.013888888888888888 0.054455445544554455
0 0.8444444444444444 0.8564356435643564 0.05555555555555555 0.054455445544554455
0 0.8777777777777778 0.8613861386138614 0.05 0.0297029702970297
0 0.7555555555555555 0.8613861386138614 0.05 0.0297029702970297
0 0.7861111111111111 0.9405940594059405 0.05277777777777778 0.0297029702970297
0 0.6361111111111111 0.8514851485148515 0.05555555555555555 0.019801980198019802
0 0.5333333333333333 0.7772277227722773 0.027777777777777776 0.019801980198019802
0 0.575 0.43564356435643564 0.013888888888888888 0.04455445544554455
0 0.5 0.3217821782178218 0.025 0.019801980198019802
0 0.5277777777777778 0.20297029702970298 0.025 0.01485148514851485
0 0.4888888888888889 0.13861386138613863 0.025 0.0297029702970297
0 0.4361111111111111 0.15841584158415842 0.025 0.01485148514851485
0 0.7083333333333334 0.06930693069306931 0.03888888888888889 0.034653465346534656
0 0.8611111111111112 0.37623762376237624 0.025 0.0594059405940594
0 0.9888888888888889 0.46534653465346537 0.019444444444444445 0.0297029702970297
0 0.975 0.594059405940594 0.03333333333333333 0.04455445544554455