5 0.7166666666666667 0.24257425742574257 0.11944444444444445 0.09900990099009901
5 0.6777777777777778 0.09405940594059406 0.15833333333333333 0.07920792079207921
0 0.6916666666666667 0.054455445544554455 0.008333333333333333 0.04455445544554455
0 0.7777777777777778 0.04455445544554455 0.03888888888888889 0.019801980198019802
0 0.6555555555555556 0.04950495049504951 0.044444444444444446 0.019801980198019802
0 0.5805555555555556 0.04950495049504951 0.058333333333333334 0.034653465346534656
5 0.4444444444444444 0.3613861386138614 0.08611111111111111 0.07425742574257425
5 0.375 0.27722772277227725 0.1111111111111111 0.024752475247524754
5 0.25 0.3465346534653465 0.03333333333333333 0.12871287128712872
5 0.7638888888888888 0.5148514851485149 0.12222222222222222 0.12871287128712872
0 0.9611111111111111 0.5396039603960396 0.06944444444444445 0.10891089108910891
5 0.2777777777777778 0.7623762376237624 0.17222222222222222 0.10396039603960396
0 0.4444444444444444 0.6188118811881188 0.011111111111111112 0.08415841584158416
0 0.4583333333333333 0.5792079207920792 0.011111111111111112 0.06435643564356436
5 0.5916666666666667 0.40594059405940597 0.05555555555555555 0.039603960396039604
0 0.5861111111111111 0.297029702970297 0.03611111111111111 0.024752475247524754
0 0.625 0.18811881188118812 0.03333333333333333 0.01485148514851485
0 0.45555555555555555 0.09900990099009901 0.041666666666666664 0.009900990099009901
0 0.2638888888888889 0.0594059405940594 0.025 0.04455445544554455
0 0.30833333333333335 0.33663366336633666 0.019444444444444445 0.0297029702970297
0 0.275 0.30198019801980197 0.016666666666666666 0.034653465346534656
0 0.39166666666666666 0.8514851485148515 0.030555555555555555 0.019801980198019802
0 0.42777777777777776 0.8415841584158416 0.03888888888888889 0.04455445544554455
0 0.8416666666666667 0.7871287128712872 0.041666666666666664 0.024752475247524754
0 0.9166666666666666 0.7673267326732673 0.041666666666666664 0.039603960396039604
0 0.625 0.5297029702970297 0.005555555555555556 0.04950495049504951
0 0.9388888888888889 0.2623762376237624 0.030555555555555555 0.039603960396039604
0 0.32222222222222224 0.4900990099009901 0.016666666666666666 0.0297029702970297