5 0.4305555555555556 0.693069306930693 0.13055555555555556 0.10396039603960396
0 0.4666666666666667 0.8118811881188119 0.03333333333333333 0.0297029702970297
0 0.48333333333333334 0.7623762376237624 0.05277777777777778 0.054455445544554455
5 0.5277777777777778 0.44554455445544555 0.08611111111111111 0.0297029702970297
5 0.45555555555555555 0.3811881188118812 0.08611111111111111 0.054455445544554455
5 0.7861111111111111 0.24752475247524752 0.15 0.0594059405940594
5 0.8166666666666667 0.2079207920792079 0.11944444444444445 0.054455445544554455
5 0.8444444444444444 0.45544554455445546 0.1 0.10396039603960396
0 0.8805555555555555 0.4603960396039604 0.06666666666666667 0.0297029702970297
0 0.9805555555555555 0.4900990099009901 0.030555555555555555 0.06930693069306931
0 0.9527777777777777 0.7722772277227723 0.030555555555555555 0.019801980198019802
0 0.8944444444444445 0.7475247524752475 0.03888888888888889 0.039603960396039604
0 0.6555555555555556 0.47029702970297027 0.03888888888888889 0.07425742574257425
0 0.6305555555555555 0.25742574257425743 0.030555555555555555 0.024752475247524754
0 0.6527777777777778 0.1782178217821782 0.030555555555555555 0.009900990099009901
0 0.6805555555555556 0.08415841584158416 0.041666666666666664 0.019801980198019802
0 0.6611111111111111 0.039603960396039604 0.058333333333333334 0.01485148514851485
5 0.2638888888888889 0.22277227722772278 0.05277777777777778 0.13861386138613863
0 0.2861111111111111 0.3217821782178218 0.011111111111111112 0.0594059405940594
0 0.30833333333333335 0.32673267326732675 0.008333333333333333 0.06930693069306931
0 0.43333333333333335 0.5693069306930693 0.022222222222222223 0.07425742574257425
0 0.36944444444444446 0.49504950495049505 0.04722222222222222 0.01485148514851485
0 0.45555555555555555 0.6188118811881188 0.025 0.034653465346534656
0 0.7861111111111111 0.04455445544554455 0.03888888888888889 0.01485148514851485