5 0.4583333333333333 0.297029702970297 0.18888888888888888 0.10891089108910891
0 0.5444444444444444 0.3564356435643564 0.09444444444444444 0.06930693069306931
5 0.4444444444444444 0.2079207920792079 0.1111111111111111 0.07920792079207921
0 0.22777777777777777 0.18811881188118812 0.027777777777777776 0.07920792079207921
0 0.2611111111111111 0.19306930693069307 0.025 0.07425742574257425
5 0.4166666666666667 0.41089108910891087 0.05277777777777778 0.07425742574257425
5 0.925 0.16831683168316833 0.11666666666666667 0.0594059405940594
0 0.9361111111111111 0.3613861386138614 0.07222222222222222 0.034653465346534656
5 0.6861111111111111 0.40594059405940597 0.06111111111111111 0.039603960396039604
0 0.5333333333333333 0.6386138613861386 0.07222222222222222 0.034653465346534656
5 0.5111111111111111 0.6831683168316832 0.06666666666666667 0.039603960396039604
0 0.4583333333333333 0.698019801980198 0.03333333333333333 0.034653465346534656
0 0.4083333333333333 0.5742574257425742 0.03611111111111111 0.024752475247524754
0 0.6583333333333333 0.1485148514851485 0.03333333333333333 0.019801980198019802
0 0.6583333333333333 0.14356435643564355 0.025 0.019801980198019802
0 0.6972222222222222 0.039603960396039604 0.022222222222222223 0.019801980198019802
0 0.9694444444444444 0.7029702970297029 0.03611111111111111 0.0297029702970297
0 0.9611111111111111 0.6534653465346535 0.03333333333333333 0.019801980198019802
0 0.9611111111111111 0.8910891089108911 0.03888888888888889 0.0297029702970297
0 0.6083333333333333 0.504950495049505 0.027777777777777776 0.01485148514851485
0 0.39444444444444443 0.4306930693069307 0.04722222222222222 0.024752475247524754