5 0.5388888888888889 0.3811881188118812 0.07222222222222222 0.034653465346534656
5 0.6166666666666667 0.22277227722772278 0.09166666666666666 0.12871287128712872
5 0.7861111111111111 0.1485148514851485 0.1 0.14356435643564355
0 0.7722222222222223 0.09405940594059406 0.011111111111111112 0.06435643564356436
5 0.825 0.38613861386138615 0.06111111111111111 0.024752475247524754
5 0.6916666666666667 0.40594059405940597 0.07222222222222222 0.11386138613861387
1 0.6861111111111111 0.5841584158415841 0.08055555555555556 0.039603960396039604
5 0.725 0.6435643564356436 0.08333333333333333 0.034653465346534656
0 0.48055555555555557 0.4405940594059406 0.05 0.0297029702970297
0 0.4222222222222222 0.5544554455445545 0.03888888888888889 0.04455445544554455
0 0.4527777777777778 0.6732673267326733 0.025 0.04455445544554455
0 0.21944444444444444 0.15346534653465346 0.041666666666666664 0.08415841584158416
0 0.24722222222222223 0.13366336633663367 0.03611111111111111 0.04455445544554455
0 0.027777777777777776 0.08415841584158416 0.03611111111111111 0.09405940594059406
0 0.3861111111111111 0.5 0.019444444444444445 0.04455445544554455
0 0.525 0.30198019801980197 0.03333333333333333 0.01485148514851485
0 0.9666666666666667 0.9554455445544554 0.06111111111111111 0.04950495049504951
0 0.7 0.5 0.041666666666666664 0.019801980198019802