5 0.6583333333333333 0.43564356435643564 0.06111111111111111 0.0891089108910891
5 0.8111111111111111 0.3910891089108911 0.10555555555555556 0.054455445544554455
0 0.8472222222222222 0.18316831683168316 0.05277777777777778 0.13366336633663367
0 0.5194444444444445 0.0594059405940594 0.03333333333333333 0.054455445544554455
0 0.2111111111111111 0.22772277227722773 0.05277777777777778 0.04950495049504951
0 0.24444444444444444 0.18811881188118812 0.03611111111111111 0.019801980198019802
0 0.03888888888888889 0.12376237623762376 0.03611111111111111 0.07425742574257425
0 0.4027777777777778 0.5445544554455446 0.03888888888888889 0.034653465346534656
0 0.41944444444444445 0.5148514851485149 0.027777777777777776 0.024752475247524754
0 0.4305555555555556 0.6732673267326733 0.03888888888888889 0.039603960396039604
0 0.525 0.5247524752475248 0.03333333333333333 0.039603960396039604
0 0.7138888888888889 0.6435643564356436 0.044444444444444446 0.06930693069306931
0 0.8444444444444444 0.6584158415841584 0.08055555555555556 0.0297029702970297
0 0.7638888888888888 0.6089108910891089 0.06388888888888888 0.039603960396039604
0 0.6083333333333333 0.49504950495049505 0.05277777777777778 0.04950495049504951
0 0.7416666666666667 0.24257425742574257 0.022222222222222223 0.0594059405940594
0 0.7666666666666667 0.24257425742574257 0.022222222222222223 0.019801980198019802
5 0.8444444444444444 0.43564356435643564 0.04722222222222222 0.0297029702970297
0 0.9833333333333333 0.5346534653465347 0.016666666666666666 0.07920792079207921
0 0.5555555555555556 0.3415841584158416 0.03333333333333333 0.024752475247524754
0 0.725 0.5099009900990099 0.03611111111111111 0.009900990099009901