0 0.6166666666666667 0.7178217821782178 0.044444444444444446 0.0594059405940594
0 0.9388888888888889 0.806930693069307 0.016666666666666666 0.054455445544554455
0 0.5833333333333334 0.6584158415841584 0.016666666666666666 0.01485148514851485
0 0.5722222222222222 0.6435643564356436 0.022222222222222223 0.024752475247524754
0 0.4388888888888889 0.6336633663366337 0.016666666666666666 0.0297029702970297
0 0.41388888888888886 0.5841584158415841 0.025 0.01485148514851485
0 0.3972222222222222 0.6237623762376238 0.025 0.01485148514851485
0 0.35833333333333334 0.6485148514851485 0.019444444444444445 0.01485148514851485
0 0.3111111111111111 0.7475247524752475 0.016666666666666666 0.009900990099009901
0 0.3527777777777778 0.7029702970297029 0.011111111111111112 0.009900990099009901
0 0.3111111111111111 0.6683168316831684 0.011111111111111112 0.01485148514851485
0 0.24166666666666667 0.5099009900990099 0.022222222222222223 0.01485148514851485