5 0.5333333333333333 0.16831683168316833 0.058333333333333334 0.04950495049504951
0 0.5361111111111111 0.21782178217821782 0.06666666666666667 0.07920792079207921
0 0.6611111111111111 0.5643564356435643 0.025 0.07920792079207921
0 0.6388888888888888 0.5643564356435643 0.027777777777777776 0.0594059405940594
0 0.8333333333333334 0.35148514851485146 0.041666666666666664 0.09900990099009901
0 0.8361111111111111 0.4752475247524752 0.03333333333333333 0.10396039603960396
0 0.8722222222222222 0.42574257425742573 0.04722222222222222 0.04950495049504951
0 0.9333333333333333 0.6831683168316832 0.075 0.034653465346534656
0 0.7416666666666667 0.7277227722772277 0.05555555555555555 0.04455445544554455
0 0.8111111111111111 0.6435643564356436 0.041666666666666664 0.039603960396039604
0 0.9361111111111111 0.6089108910891089 0.022222222222222223 0.034653465346534656
0 0.6944444444444444 0.3465346534653465 0.005555555555555556 0.054455445544554455
0 0.775 0.06435643564356436 0.013888888888888888 0.054455445544554455
0 0.7222222222222222 0.04950495049504951 0.019444444444444445 0.024752475247524754
0 0.6694444444444444 0.07425742574257425 0.027777777777777776 0.039603960396039604
0 0.8166666666666667 0.0594059405940594 0.03333333333333333 0.039603960396039604
0 0.7666666666666667 0.0594059405940594 0.011111111111111112 0.039603960396039604
0 0.9166666666666666 0.04950495049504951 0.005555555555555556 0.019801980198019802
0 0.9722222222222222 0.04950495049504951 0.025 0.039603960396039604
0 0.18333333333333332 0.2722772277227723 0.044444444444444446 0.0297029702970297
0 0.030555555555555555 0.14356435643564355 0.03611111111111111 0.054455445544554455
0 0.21944444444444444 0.23267326732673269 0.016666666666666666 0.0297029702970297
0 0.25277777777777777 0.2722772277227723 0.027777777777777776 0.019801980198019802
0 0.3638888888888889 0.5198019801980198 0.019444444444444445 0.04455445544554455
0 0.41944444444444445 0.5099009900990099 0.025 0.024752475247524754
0 0.5444444444444444 0.5742574257425742 0.030555555555555555 0.0297029702970297
0 0.5722222222222222 0.3811881188118812 0.025 0.024752475247524754
0 0.7694444444444445 0.31683168316831684 0.016666666666666666 0.034653465346534656
0 0.7888888888888889 0.24257425742574257 0.008333333333333333 0.039603960396039604
0 0.7333333333333333 0.5247524752475248 0.025 0.01485148514851485
0 0.6583333333333333 0.801980198019802 0.03611111111111111 0.024752475247524754