0 0.34444444444444444 0.19801980198019803 0.013888888888888888 0.11386138613861387
0 0.2111111111111111 0.29207920792079206 0.03333333333333333 0.09405940594059406
0 0.21666666666666667 0.21782178217821782 0.011111111111111112 0.04950495049504951
0 0.2222222222222222 0.15346534653465346 0.025 0.06930693069306931
0 0.2 0.06930693069306931 0.016666666666666666 0.07425742574257425
0 0.18333333333333332 0.0891089108910891 0.025 0.11386138613861387
0 0.13333333333333333 0.22772277227722773 0.03611111111111111 0.10396039603960396
0 0.5 0.47029702970297027 0.05555555555555555 0.019801980198019802
0 0.6972222222222222 0.13861386138613863 0.016666666666666666 0.04950495049504951
0 0.25555555555555554 0.8217821782178217 0.03888888888888889 0.034653465346534656
0 0.5055555555555555 0.905940594059406 0.07777777777777778 0.034653465346534656
0 0.39444444444444443 0.7772277227722773 0.03333333333333333 0.0297029702970297
0 0.24722222222222223 0.7425742574257426 0.022222222222222223 0.04455445544554455
0 0.18055555555555555 0.7920792079207921 0.022222222222222223 0.039603960396039604
0 0.1388888888888889 0.7425742574257426 0.013888888888888888 0.024752475247524754