0 0.7027777777777777 0.19801980198019803 0.04722222222222222 0.0891089108910891
0 0.7694444444444445 0.10891089108910891 0.058333333333333334 0.0297029702970297
0 0.5888888888888889 0.7029702970297029 0.027777777777777776 0.04455445544554455
0 0.6666666666666666 0.504950495049505 0.022222222222222223 0.024752475247524754
0 0.7222222222222222 0.8267326732673267 0.027777777777777776 0.034653465346534656
0 0.6666666666666666 0.8861386138613861 0.019444444444444445 0.0297029702970297
0 0.3333333333333333 0.4900990099009901 0.025 0.019801980198019802
0 0.31666666666666665 0.4603960396039604 0.011111111111111112 0.04950495049504951
0 0.25 0.4752475247524752 0.008333333333333333 0.039603960396039604
0 0.2972222222222222 0.07425742574257425 0.016666666666666666 0.054455445544554455
0 0.10277777777777777 0.5198019801980198 0.022222222222222223 0.09405940594059406
0 0.2777777777777778 0.4603960396039604 0.022222222222222223 0.01485148514851485
0 0.3055555555555556 0.37623762376237624 0.016666666666666666 0.01485148514851485
0 0.2222222222222222 0.42574257425742573 0.016666666666666666 0.0297029702970297
0 0.20277777777777778 0.49504950495049505 0.025 0.019801980198019802
0 0.6138888888888889 0.6485148514851485 0.022222222222222223 0.024752475247524754
0 0.4861111111111111 0.7376237623762376 0.025 0.009900990099009901