5 0.75 0.054455445544554455 0.05 0.039603960396039604
0 0.7666666666666667 0.23267326732673269 0.03333333333333333 0.09405940594059406
0 0.8361111111111111 0.22277227722772278 0.013888888888888888 0.10396039603960396
0 0.9527777777777777 0.20297029702970298 0.022222222222222223 0.10891089108910891
0 0.9166666666666666 0.3564356435643564 0.058333333333333334 0.07425742574257425
5 0.9777777777777777 0.44554455445544555 0.030555555555555555 0.06930693069306931
0 0.8777777777777778 0.3564356435643564 0.016666666666666666 0.06435643564356436
0 0.8527777777777777 0.3613861386138614 0.013888888888888888 0.0594059405940594
0 0.775 0.5544554455445545 0.011111111111111112 0.0891089108910891
0 0.8333333333333334 0.9207920792079208 0.05 0.06930693069306931
0 0.9138888888888889 0.9356435643564357 0.044444444444444446 0.06435643564356436
0 0.6027777777777777 0.9554455445544554 0.06111111111111111 0.034653465346534656
0 0.5277777777777778 0.9504950495049505 0.058333333333333334 0.0297029702970297
0 0.6055555555555555 0.37623762376237624 0.04722222222222222 0.04950495049504951
0 0.7305555555555555 0.4900990099009901 0.005555555555555556 0.04950495049504951
0 0.6055555555555555 0.44554455445544555 0.011111111111111112 0.04950495049504951
0 0.5805555555555556 0.2623762376237624 0.019444444444444445 0.0594059405940594
0 0.5055555555555555 0.10891089108910891 0.013888888888888888 0.06930693069306931
0 0.39444444444444443 0.4405940594059406 0.03611111111111111 0.0297029702970297
0 0.37777777777777777 0.46534653465346537 0.025 0.034653465346534656