5 0.9166666666666666 0.21287128712871287 0.11388888888888889 0.06930693069306931
5 0.8527777777777777 0.07920792079207921 0.075 0.09405940594059406
0 0.8916666666666667 0.07425742574257425 0.019444444444444445 0.06435643564356436
0 0.8333333333333334 0.3217821782178218 0.019444444444444445 0.08415841584158416
0 0.8777777777777778 0.32673267326732675 0.022222222222222223 0.10396039603960396
0 0.9166666666666666 0.3217821782178218 0.022222222222222223 0.11386138613861387
0 0.9611111111111111 0.42574257425742573 0.008333333333333333 0.06930693069306931
0 0.8527777777777777 0.6237623762376238 0.027777777777777776 0.09405940594059406
0 0.6055555555555555 0.35148514851485146 0.044444444444444446 0.06435643564356436
0 0.6444444444444445 0.3465346534653465 0.008333333333333333 0.0594059405940594
0 0.8305555555555556 0.20297029702970298 0.008333333333333333 0.06435643564356436
0 0.44166666666666665 0.11386138613861387 0.030555555555555555 0.019801980198019802
0 0.525 0.21782178217821782 0.030555555555555555 0.04950495049504951
0 0.37777777777777777 0.44554455445544555 0.03888888888888889 0.0297029702970297
0 0.2611111111111111 0.38613861386138615 0.041666666666666664 0.04455445544554455
0 0.3972222222222222 0.3712871287128713 0.016666666666666666 0.019801980198019802
0 0.48055555555555557 0.5099009900990099 0.022222222222222223 0.024752475247524754
0 0.39166666666666666 0.48514851485148514 0.025 0.024752475247524754
0 0.6166666666666667 0.5594059405940595 0.019444444444444445 0.0297029702970297