5 0.675 0.24752475247524752 0.12777777777777777 0.11386138613861387
5 0.8583333333333333 0.1485148514851485 0.07222222222222222 0.11386138613861387
0 0.8555555555555555 0.06930693069306931 0.008333333333333333 0.07920792079207921
0 0.8972222222222223 0.40594059405940597 0.03333333333333333 0.09900990099009901
0 0.8888888888888888 0.40594059405940597 0.011111111111111112 0.09900990099009901
0 0.8333333333333334 0.3465346534653465 0.04722222222222222 0.06435643564356436
0 0.9138888888888889 0.16831683168316833 0.011111111111111112 0.07425742574257425
0 0.8416666666666667 0.6683168316831684 0.03333333333333333 0.07920792079207921
0 0.6472222222222223 0.39603960396039606 0.013888888888888888 0.0594059405940594
0 0.5583333333333333 0.27722772277227725 0.03888888888888889 0.07425742574257425
0 0.5 0.297029702970297 0.03611111111111111 0.04455445544554455
0 0.4638888888888889 0.48514851485148514 0.027777777777777776 0.034653465346534656
0 0.3333333333333333 0.5594059405940595 0.013888888888888888 0.06435643564356436
0 0.37777777777777777 0.4752475247524752 0.03611111111111111 0.039603960396039604
0 0.3472222222222222 0.4306930693069307 0.022222222222222223 0.04455445544554455
0 0.4777777777777778 0.13366336633663367 0.022222222222222223 0.024752475247524754
0 0.5833333333333334 0.6039603960396039 0.027777777777777776 0.024752475247524754
0 0.41388888888888886 0.3613861386138614 0.030555555555555555 0.01485148514851485
0 0.9527777777777777 0.4752475247524752 0.022222222222222223 0.0594059405940594