5 0.7083333333333334 0.09405940594059406 0.075 0.12376237623762376
5 0.7305555555555555 0.15346534653465346 0.05 0.0891089108910891
0 0.7388888888888889 0.25742574257425743 0.019444444444444445 0.09405940594059406
0 0.9861111111111112 0.2079207920792079 0.027777777777777776 0.09405940594059406
0 0.9694444444444444 0.3465346534653465 0.03333333333333333 0.09405940594059406
0 0.8833333333333333 0.40594059405940597 0.041666666666666664 0.08415841584158416
5 0.7722222222222223 0.4900990099009901 0.025 0.10396039603960396
0 0.7333333333333333 0.4801980198019802 0.04722222222222222 0.06930693069306931
0 0.8638888888888889 0.31683168316831684 0.011111111111111112 0.08415841584158416
0 0.8416666666666667 0.5198019801980198 0.019444444444444445 0.06930693069306931
0 0.7222222222222222 0.7227722772277227 0.041666666666666664 0.07425742574257425
0 0.9611111111111111 0.6782178217821783 0.016666666666666666 0.06930693069306931
0 0.7472222222222222 0.40594059405940597 0.027777777777777776 0.024752475247524754
5 0.675 0.3415841584158416 0.05277777777777778 0.04455445544554455
0 0.15 0.27722772277227725 0.07777777777777778 0.08415841584158416
0 0.36666666666666664 0.30198019801980197 0.03333333333333333 0.034653465346534656
0 0.3888888888888889 0.054455445544554455 0.03333333333333333 0.04455445544554455
0 0.4666666666666667 0.12376237623762376 0.027777777777777776 0.009900990099009901
0 0.2972222222222222 0.38613861386138615 0.025 0.04455445544554455
0 0.32222222222222224 0.38613861386138615 0.008333333333333333 0.04950495049504951
0 0.39444444444444443 0.41089108910891087 0.016666666666666666 0.06435643564356436
0 0.5583333333333333 0.4405940594059406 0.022222222222222223 0.04950495049504951
0 0.041666666666666664 0.46534653465346537 0.027777777777777776 0.07920792079207921
0 0.275 0.8415841584158416 0.03888888888888889 0.034653465346534656
0 0.20277777777777778 0.7772277227722773 0.03333333333333333 0.024752475247524754