5 0.42777777777777776 0.39603960396039606 0.09166666666666666 0.21782178217821782
5 0.6444444444444445 0.30198019801980197 0.027777777777777776 0.16831683168316833
5 0.38055555555555554 0.11386138613861387 0.07222222222222222 0.15841584158415842
5 0.30277777777777776 0.3613861386138614 0.06111111111111111 0.06930693069306931
5 0.7777777777777778 0.43564356435643564 0.03333333333333333 0.12871287128712872
0 0.7777777777777778 0.7227722772277227 0.05277777777777778 0.054455445544554455
0 0.8055555555555556 0.698019801980198 0.019444444444444445 0.07920792079207921
0 0.8416666666666667 0.6237623762376238 0.041666666666666664 0.04950495049504951
0 0.4166666666666667 0.6435643564356436 0.06944444444444445 0.04950495049504951
0 0.5305555555555556 0.5445544554455446 0.05 0.04455445544554455
0 0.65 0.5693069306930693 0.03611111111111111 0.04455445544554455
0 0.5777777777777777 0.6881188118811881 0.058333333333333334 0.024752475247524754
0 0.5138888888888888 0.7970297029702971 0.058333333333333334 0.04455445544554455
0 0.5666666666666667 0.8415841584158416 0.044444444444444446 0.039603960396039604
0 0.6527777777777778 0.8465346534653465 0.041666666666666664 0.06930693069306931
0 0.7694444444444445 0.801980198019802 0.05 0.054455445544554455
0 0.9083333333333333 0.8217821782178217 0.03611111111111111 0.0594059405940594
0 0.20833333333333334 0.7376237623762376 0.058333333333333334 0.039603960396039604
0 0.1111111111111111 0.6732673267326733 0.016666666666666666 0.08415841584158416
0 0.09722222222222222 0.5742574257425742 0.05 0.0297029702970297
0 0.3111111111111111 0.3465346534653465 0.03611111111111111 0.0297029702970297
0 0.4083333333333333 0.3712871287128713 0.019444444444444445 0.034653465346534656
0 0.2111111111111111 0.12871287128712872 0.016666666666666666 0.04950495049504951