0 0.9166666666666666 0.12376237623762376 0.08055555555555556 0.1782178217821782
0 0.7277777777777777 0.07425742574257425 0.05555555555555555 0.08415841584158416
0 0.4166666666666667 0.04455445544554455 0.07777777777777778 0.019801980198019802
5 0.34444444444444444 0.5742574257425742 0.10555555555555556 0.09900990099009901
0 0.6277777777777778 0.4158415841584158 0.03611111111111111 0.15346534653465346
0 0.8027777777777778 0.4900990099009901 0.030555555555555555 0.12871287128712872
0 0.8027777777777778 0.6831683168316832 0.025 0.04950495049504951
0 0.7888888888888889 0.7821782178217822 0.022222222222222223 0.07425742574257425
0 0.6833333333333333 0.7970297029702971 0.05555555555555555 0.054455445544554455
0 0.7222222222222222 0.8663366336633663 0.03611111111111111 0.054455445544554455
0 0.7555555555555555 0.7524752475247525 0.027777777777777776 0.04950495049504951
0 0.8638888888888889 0.905940594059406 0.03888888888888889 0.04950495049504951
0 0.6388888888888888 0.9207920792079208 0.030555555555555555 0.07425742574257425
5 0.28888888888888886 0.3316831683168317 0.06944444444444445 0.15841584158415842
0 0.22777777777777777 0.3118811881188119 0.06666666666666667 0.04455445544554455
0 0.18055555555555555 0.17326732673267325 0.06388888888888888 0.1782178217821782
0 0.07777777777777778 0.7277227722772277 0.07777777777777778 0.07920792079207921
0 0.11666666666666667 0.7079207920792079 0.05 0.034653465346534656
0 0.18055555555555555 0.6534653465346535 0.041666666666666664 0.04950495049504951
0 0.35833333333333334 0.698019801980198 0.04722222222222222 0.07425742574257425
0 0.44722222222222224 0.5792079207920792 0.025 0.09900990099009901
0 0.4083333333333333 0.36633663366336633 0.027777777777777776 0.04950495049504951
0 0.5833333333333334 0.30198019801980197 0.030555555555555555 0.01485148514851485
0 0.5 0.594059405940594 0.027777777777777776 0.04455445544554455
0 0.5555555555555556 0.7128712871287128 0.05 0.019801980198019802
0 0.6222222222222222 0.599009900990099 0.041666666666666664 0.019801980198019802
0 0.4777777777777778 0.8267326732673267 0.05555555555555555 0.039603960396039604
0 0.5277777777777778 0.8811881188118812 0.05 0.024752475247524754