5 0.401607 0.536041 0.260489 0.130627
5 0.600297 0.63849 0.113457 0.18501
5 0.802255 0.539979 0.254775 0.231557
0 0.0515465 0.132396 0.0676568 0.208994
0 0.951255 0.847689 0.0742175 0.0879598
0 0.481316 0.865326 0.0513423 0.0573138
0 0.36404 0.424197 0.0420865 0.0461513
5 0.944364 0.634487 0.110529 0.19292
0 0.113114 0.560399 0.0548142 0.0368254
0 0.341538 0.855537 0.0567999 0.0369222
0 0.171028 0.41001 0.0771533 0.0498029
0 0.903525 0.0976755 0.0753697 0.134624
5 0.940977 0.272292 0.117391 0.088099
0 0.786165 0.776606 0.0162878 0.0977834
0 0.145498 0.719142 0.0144247 0.0472373
0 0.0448718 0.689081 0.0897436 0.183122
0 0.790106 0.459705 0.0167758 0.0904825
5 0.790608 0.508413 0.0253203 0.19102
0 0.137461 0.585795 0.0209656 0.0508444
5 0.939921 0.25891 0.120159 0.122691
0 0.118455 0.574364 0.0498192 0.0544219
