0 0.203321 0.927828 0.0855491 0.0810223
5 0.321604 0.301941 0.158687 0.085435
0 0.73017 0.93153 0.063659 0.0425064
0 0.175498 0.486064 0.057179 0.0414766
0 0.181821 0.0981142 0.0630406 0.136594
0 0.18837 0.250031 0.0281789 0.120713
0 0.205003 0.69932 0.0391773 0.0516689
0 0.0205552 0.0620202 0.0407644 0.0399852
0 0.0599028 0.660663 0.0222867 0.0710215
0 0.0943839 0.169699 0.0336906 0.14783
0 0.131372 0.661314 0.0606327 0.143369
0 0.0759398 0.697283 0.0271733 0.079691
0 0.0710175 0.668078 0.0320086 0.0852543
0 0.0725448 0.681686 0.0298418 0.0814065
0 0.00920403 0.683849 0.0182184 0.0412753
