0 0.0711282 0.773258 0.097094 0.0929707
0 0.179452 0.826668 0.0815992 0.0390382
0 0.0901195 0.317924 0.0587498 0.129259
0 0.0229859 0.697921 0.0459718 0.0815562
0 0.143596 0.744654 0.0541193 0.0612352
0 0.225271 0.460834 0.0245104 0.103585
0 0.331208 0.863963 0.0987781 0.0514549
0 0.778965 0.967574 0.0689861 0.0362794
0 0.0497843 0.591077 0.0919545 0.0698862
0 0.0248097 0.283936 0.0495795 0.0761675
0 0.0608808 0.641916 0.0420214 0.0406287
5 0.88347 0.117943 0.127238 0.136392
5 0.882163 0.0870758 0.124993 0.082202
