5 0.711952 0.213294 0.179877 0.0974031
0 0.331784 0.899091 0.0815807 0.0830195
0 0.505314 0.848877 0.0769599 0.0500762
0 0.390011 0.678114 0.0519827 0.0527677
0 0.217754 0.411024 0.0311042 0.0814043
0 0.253207 0.951384 0.0501862 0.0672161
0 0.026789 0.475018 0.0535779 0.0580774
0 0.0993044 0.264254 0.0772128 0.121807
0 0.664219 0.963871 0.031019 0.0720312
0 0.944739 0.64488 0.108776 0.0646194
0 0.203486 0.486251 0.0293615 0.0592845
0 0.579309 0.444134 0.015465 0.0336445
5 0.0485317 0.152515 0.0970367 0.123017
0 0.0365516 0.298251 0.0494628 0.0827622
5 0.943797 0.6444 0.111536 0.0640541
0 0.130758 0.792978 0.0402859 0.0258376
0 0.12238 0.688501 0.0358839 0.03283
0 0.379038 0.882073 0.0226909 0.0252888
