5 0.444943 0.31326 0.162028 0.12143
0 0.104019 0.782798 0.0656193 0.0900593
0 0.0624083 0.0488841 0.0520861 0.0415305
5 0.119098 0.372117 0.148856 0.173565
0 0.0645075 0.535802 0.069734 0.0757629
0 0.412031 0.733313 0.0415668 0.0437801
0 0.228013 0.849573 0.058233 0.0757764
5 0.759954 0.742512 0.119205 0.0614749
0 0.132757 0.492103 0.0408988 0.133683
0 0.0527528 0.409392 0.0733049 0.156293
0 0.202596 0.92263 0.0585267 0.0596505
0 0.098305 0.667238 0.0345947 0.038441
0 0.244354 0.553073 0.0147345 0.0588562
0 0.438803 0.844764 0.135865 0.091605
0 0.210782 0.927732 0.0739222 0.0717832
0 0.761045 0.739723 0.119255 0.0580841
0 0.365913 0.75379 0.0395897 0.023504
5 0.0538307 0.406969 0.0710088 0.160729
