0 0.422196 0.906078 0.0802717 0.0798932
5 0.624294 0.68205 0.191187 0.19746
5 0.471419 0.576612 0.0812692 0.124265
5 0.552928 0.342944 0.106966 0.133306
0 0.115751 0.687079 0.0551147 0.0557257
5 0.627907 0.327048 0.150153 0.214752
0 0.243433 0.859097 0.0632699 0.0494748
0 0.181459 0.821977 0.045812 0.0650108
0 0.257346 0.586836 0.0736217 0.0715434
0 0.639188 0.836637 0.110827 0.047438
0 0.046035 0.546367 0.0786639 0.13333
0 0.107137 0.558871 0.0347764 0.0706289
0 0.406228 0.412674 0.023148 0.0919267
0 0.434634 0.722228 0.104398 0.0678198
0 0.298843 0.658994 0.018731 0.0619075
0 0.107031 0.051773 0.0298476 0.0449651
6 0.626488 0.323997 0.152487 0.222234
0 0.548074 0.683997 0.113791 0.0619245
0 0.0583324 0.758954 0.0568224 0.0728869
0 0.142688 0.336379 0.0321597 0.0825574
0 0.161972 0.387726 0.0831612 0.171729
0 0.141138 0.354392 0.0324011 0.118849
0 0.204715 0.736472 0.0201558 0.0423123
0 0.0980155 0.609124 0.0412437 0.0378326
0 0.122203 0.834655 0.0400512 0.0381347
0 0.0166694 0.375223 0.0333388 0.0865417
0 0.294083 0.704393 0.0303019 0.0320514
