5 0.458225 0.255982 0.125802 0.0771826
5 0.423105 0.314128 0.0770914 0.0761668
0 0.815581 0.605412 0.0473712 0.0738484
0 0.436159 0.703233 0.0637814 0.0456051
0 0.976617 0.0855158 0.0463425 0.0910474
0 0.522073 0.883831 0.049611 0.0404659
0 0.27065 0.590463 0.0728481 0.0417781
0 0.04032 0.108992 0.08064 0.0650299
0 0.35197 0.516138 0.0366309 0.0220086
5 0.207304 0.0735175 0.123093 0.0918843
0 0.943004 0.663301 0.0286873 0.0428333
0 0.178516 0.684718 0.0506634 0.0703905
0 0.334025 0.433965 0.0560911 0.0959053
0 0.261564 0.803978 0.0425454 0.0392636
0 0.0563482 0.214343 0.0363957 0.169266
0 0.965589 0.494865 0.0468552 0.108219
0 0.140785 0.58385 0.0175307 0.0512198
0 0.738128 0.552226 0.0430085 0.0634476
0 0.0175449 0.309135 0.0214791 0.0521802
0 0.747463 0.933918 0.026 0.0286736
5 0.966278 0.4945 0.05213 0.110506
0 0.151291 0.708457 0.0264279 0.0497726
0 0.526826 0.94656 0.0394789 0.0277418
0 0.0785656 0.447058 0.0160369 0.0259564
0 0.781117 0.855529 0.0240988 0.0219736
0 0.0558816 0.214755 0.0508013 0.176181
