5 0.57538 0.156607 0.141823 0.134243
5 0.4899 0.357344 0.080361 0.0654609
0 0.257324 0.0597103 0.0346655 0.0551706
0 0.474594 0.711463 0.042597 0.0561242
0 0.131621 0.5148 0.0439504 0.0441126
0 0.357781 0.478245 0.0588023 0.081591
0 0.0358407 0.0804776 0.0716815 0.105269
0 0.784993 0.660559 0.0354823 0.0559519
0 0.304895 0.559472 0.0589211 0.0406315
0 0.954415 0.09968 0.0735298 0.11039
0 0.74701 0.580264 0.0371763 0.0657954
0 0.927 0.661481 0.0251454 0.0368262
0 0.266961 0.897638 0.0747434 0.0777347
0 0.939244 0.582588 0.0741871 0.0760029
0 0.228149 0.0643272 0.0377589 0.0694456
0 0.559957 0.890485 0.033078 0.030005
0 0.773558 0.89169 0.0357281 0.0263012
0 0.208272 0.17393 0.0198563 0.0807164
0 0.319961 0.502247 0.0206539 0.0283214
5 0.940849 0.582401 0.071489 0.076931
0 0.0379423 0.406777 0.0283877 0.0507232
0 0.212703 0.30865 0.0216927 0.0590472
0 0.105913 0.657918 0.018175 0.03711
5 0.954739 0.0988864 0.0731259 0.106282
0 0.146389 0.652136 0.0546291 0.055419
5 0.747374 0.582185 0.0356037 0.0669842
0 0.797164 0.834169 0.0254438 0.0264134
