5 0.493665 0.50932 0.104272 0.0941641
0 0.786537 0.571869 0.0443634 0.0377488
0 0.453449 0.704144 0.0323002 0.0493658
0 0.267795 0.819246 0.0436432 0.0924354
0 0.638408 0.599747 0.0477103 0.0336085
0 0.343358 0.800373 0.0389619 0.0922063
0 0.321669 0.476999 0.0372215 0.0561418
0 0.946998 0.701871 0.0452755 0.0329678
5 0.416423 0.453125 0.101169 0.10507
0 0.402313 0.615327 0.0358768 0.0656119
5 0.21828 0.191148 0.0649529 0.0736909
5 0.175018 0.490277 0.0845916 0.120998
0 0.457064 0.616789 0.0339683 0.100511
5 0.444733 0.452598 0.160429 0.10192
0 0.0694301 0.765032 0.0596759 0.0309898
0 0.605454 0.615593 0.0554803 0.0361307
0 0.217011 0.728092 0.0261478 0.0434685
0 0.0504504 0.312387 0.0559315 0.0274504
0 0.00945072 0.286888 0.0188921 0.0380962
0 0.0741736 0.399744 0.0158203 0.0733512
0 0.924518 0.876145 0.0389915 0.0497379
0 0.128267 0.731385 0.0355924 0.0345321
0 0.292043 0.176205 0.00914525 0.0505494
0 0.0163773 0.118644 0.0224933 0.0595985
5 0.454871 0.487892 0.179603 0.145327
0 0.240717 0.573218 0.0360815 0.0233656
