5 0.500379 0.495518 0.0984194 0.107848
0 0.217628 0.154107 0.05901 0.0689884
0 0.510847 0.669013 0.0199395 0.060795
0 0.162183 0.777679 0.0620709 0.0331915
0 0.160127 0.397536 0.0712776 0.059308
0 0.338828 0.718493 0.0411839 0.0952415
0 0.308587 0.420129 0.0339185 0.0538677
0 0.90759 0.699782 0.0555697 0.0308304
0 0.776441 0.584154 0.0551888 0.0350504
0 0.501202 0.736546 0.0208825 0.0467347
0 0.28552 0.576964 0.0406341 0.0296999
0 0.219187 0.685738 0.0334864 0.0569404
0 0.70414 0.634636 0.0590727 0.0561916
0 0.305497 0.113574 0.0142523 0.0497635
0 0.443877 0.636602 0.0218703 0.058324
0 0.972731 0.558859 0.054539 0.049413
0 0.729574 0.909333 0.0405871 0.0420494
0 0.894435 0.819683 0.0727199 0.0489142
0 0.304654 0.762076 0.0259317 0.0968158
0 0.204865 0.723128 0.0279596 0.0450731
5 0.545524 0.481692 0.0651375 0.0386342
5 0.511599 0.477061 0.125289 0.0670456
5 0.52337 0.477499 0.10834 0.0367623
0 0.246095 0.690084 0.0295837 0.036499
0 0.0781872 0.374033 0.0183648 0.0508921
0 0.592113 0.880207 0.0478462 0.0209655
