5 0.388288 0.663729 0.088131 0.0812713
5 0.40128 0.469672 0.0980248 0.11767
0 0.701831 0.582715 0.0608421 0.0522887
0 0.457051 0.679868 0.0446867 0.0358242
0 0.560748 0.730228 0.057441 0.0307099
0 0.82189 0.629635 0.0293846 0.0358517
0 0.259582 0.330383 0.0249846 0.0690038
0 0.335798 0.75035 0.0515709 0.0375167
0 0.179725 0.551325 0.0335756 0.0751034
0 0.890413 0.569998 0.0483803 0.0348133
0 0.269747 0.555043 0.0319657 0.105299
0 0.212084 0.193017 0.0273721 0.0273471
0 0.12079 0.599116 0.0258973 0.0672206
0 0.0692882 0.367564 0.011101 0.0605479
0 0.834633 0.691365 0.0268669 0.021994
0 0.305223 0.797594 0.0294368 0.0299371
0 0.329162 0.555207 0.0178929 0.0626113
0 0.0227072 0.245575 0.0454144 0.0959604
0 0.0381057 0.826219 0.0762114 0.11154
0 0.0117086 0.102322 0.0228339 0.0571027
5 0.0238092 0.240428 0.0474135 0.112161
0 0.573936 0.686029 0.0384527 0.0370177
0 0.274404 0.0398936 0.0387276 0.0188584
