0 0.688211 0.112153 0.0581903 0.0869544
5 0.68525 0.393861 0.167981 0.251328
0 0.92926 0.161801 0.0443607 0.0746633
0 0.77983 0.073876 0.0494884 0.0869456
0 0.432291 0.696373 0.0438002 0.029727
0 0.483142 0.316053 0.0296873 0.0695919
0 0.460765 0.106212 0.0438118 0.0357834
0 0.247261 0.734848 0.0483643 0.10387
5 0.317207 0.493077 0.0664408 0.104227
5 0.496839 0.518518 0.0906334 0.190956
0 0.243056 0.187723 0.0772114 0.32811
0 0.743291 0.193945 0.033611 0.0584143
0 0.392106 0.696984 0.027785 0.0444377
0 0.970154 0.234941 0.0320488 0.0949725
0 0.62103 0.393515 0.0542678 0.029476
0 0.440274 0.626044 0.0366127 0.0514225
0 0.369245 0.781165 0.0150165 0.0555696
0 0.853808 0.321915 0.033638 0.0340717
0 0.707863 0.265872 0.0232365 0.0440163
5 0.832978 0.209716 0.102835 0.0628131
0 0.58987 0.284904 0.0155677 0.0653479
0 0.86654 0.780597 0.044174 0.0423769
0 0.832326 0.0497008 0.022337 0.0375339
0 0.854631 0.584883 0.0434393 0.0278797
0 0.522647 0.047059 0.0148168 0.030795
0 0.564307 0.72178 0.0384004 0.129686
5 0.563817 0.724162 0.0431755 0.130017
0 0.942028 0.330781 0.0306447 0.0262889
0 0.959661 0.433581 0.029469 0.0239187
0 0.831918 0.214393 0.105103 0.067778
0 0.589215 0.283595 0.0201722 0.0743709
