0 0.326739 0.701458 0.0636081 0.0725206
0 0.412622 0.421691 0.0571022 0.180398
0 0.275012 0.705157 0.0629769 0.046558
0 0.742693 0.739372 0.0641421 0.0517777
0 0.206041 0.662529 0.0655606 0.0616734
0 0.707935 0.946563 0.0720403 0.0415385
0 0.658697 0.731725 0.0822054 0.158367
0 0.593059 0.660318 0.0202885 0.0860617
0 0.234798 0.689784 0.066355 0.0555156
0 0.687844 0.592609 0.0388857 0.0494631
0 0.71309 0.834593 0.0342338 0.034476
0 0.0434308 0.692321 0.0864659 0.0419187
0 0.73493 0.749126 0.0820554 0.074326
0 0.615423 0.75308 0.0303814 0.020562
0 0.732654 0.844074 0.0431775 0.0549633
0 0.592568 0.650501 0.0252583 0.105035
0 0.796787 0.887942 0.0202139 0.0526511
0 0.650567 0.740728 0.0632613 0.13002
0 0.15597 0.140578 0.0502018 0.184938
0 0.904351 0.128395 0.0335171 0.115286
0 0.831574 0.753362 0.0835103 0.0482228
0 0.794694 0.621456 0.023245 0.0568082
0 0.86545 0.688773 0.0596046 0.032051
0 0.51349 0.809448 0.0186584 0.0257999
0 0.752844 0.695701 0.0327699 0.0232743
0 0.737095 0.83764 0.0353532 0.0440947
