0 0.439321 0.681042 0.106338 0.125201
0 0.243293 0.334961 0.0469281 0.145663
0 0.60757 0.767936 0.0398557 0.0301267
0 0.430372 0.356919 0.0895518 0.0743667
0 0.335835 0.423411 0.122755 0.148951
0 0.714849 0.697728 0.0474834 0.087717
0 0.791796 0.715905 0.111753 0.0534207
0 0.617937 0.222908 0.0782017 0.0826628
0 0.759124 0.0802198 0.0838272 0.0951843
0 0.773591 0.797799 0.0483997 0.038881
0 0.506656 0.797887 0.0354073 0.0324549
0 0.758174 0.928276 0.0563626 0.0628062
0 0.1671 0.734362 0.10138 0.0366964
0 0.572021 0.763639 0.0337046 0.0291547
0 0.630925 0.606123 0.0547014 0.0245282
0 0.337818 0.761669 0.117335 0.0477481
0 0.797712 0.35556 0.0261154 0.0866547
0 0.503882 0.792437 0.0344131 0.0322112
0 0.2499 0.311274 0.0337788 0.0938558
0 0.646361 0.797067 0.0314673 0.0163646
0 0.552611 0.363602 0.126155 0.0443625
0 0.703789 0.808037 0.0416762 0.0296616
0 0.662285 0.755077 0.0354319 0.021939
0 0.613379 0.894505 0.0126035 0.0480822
1 0.30844 0.516503 0.178394 0.0975769
0 0.253096 0.302252 0.0271033 0.0745749
0 0.303746 0.516309 0.165796 0.100334
1 0.563771 0.359916 0.150478 0.0515786
0 0.719168 0.83364 0.0270218 0.0305564
0 0.706177 0.80643 0.0445686 0.022556
0 0.884307 0.362476 0.0267521 0.0951765
0 0.308869 0.843927 0.0386094 0.0657945
0 0.240059 0.355458 0.0395021 0.101345
0 0.823547 0.645372 0.0410246 0.0440661
0 0.658619 0.680027 0.018943 0.0480685
