0 0.718899 0.535578 0.0391483 0.0436586
5 0.53248 0.444507 0.0527796 0.0474856
0 0.867139 0.456182 0.0448166 0.0359237
0 0.849068 0.560287 0.0387902 0.0301596
0 0.754808 0.646813 0.0365902 0.0229134
5 0.498962 0.560947 0.0591614 0.0324082
0 0.539452 0.535051 0.0303261 0.0239065
0 0.841579 0.656446 0.0320835 0.0203259
0 0.531978 0.580324 0.037129 0.037466
0 0.212802 0.0536702 0.016896 0.0421037
0 0.534032 0.638995 0.0358468 0.0213927
0 0.986664 0.605092 0.0266719 0.0265427
0 0.795706 0.686358 0.0346325 0.0373068
0 0.43094 0.559881 0.0173395 0.0148093
0 0.818819 0.723625 0.0249219 0.0252172
0 0.434229 0.397114 0.0310925 0.0384057
0 0.856926 0.709214 0.0242043 0.017305
0 0.499957 0.563251 0.0618098 0.0305886
