0 0.497928 0.463845 0.0252224 0.0506759
0 0.527223 0.840224 0.0567872 0.0584468
0 0.393205 0.152578 0.0254679 0.0803465
0 0.397308 0.296344 0.038598 0.0340006
0 0.75153 0.106325 0.0194595 0.0479317
0 0.757348 0.649252 0.068372 0.0471778
0 0.600772 0.152321 0.0449257 0.0340232
0 0.656394 0.50801 0.0373312 0.0329739
0 0.719617 0.499934 0.0676828 0.0457554
0 0.438973 0.519272 0.0357954 0.0343187
0 0.445179 0.0746815 0.0259033 0.064392
0 0.549143 0.403389 0.0437536 0.0285972
0 0.249621 0.0699288 0.0278716 0.0772953
0 0.629463 0.675215 0.0587481 0.0384199
0 0.216749 0.052819 0.0211918 0.0414461
0 0.93523 0.506066 0.0198372 0.0581976
0 0.728193 0.340223 0.0237968 0.0497225
0 0.25515 0.18126 0.0378901 0.0434034
0 0.42888 0.449355 0.0174528 0.0364321
0 0.386154 0.217321 0.0789873 0.0423935
0 0.659919 0.708711 0.0532496 0.0314839
0 0.847959 0.191031 0.0177834 0.0508633
0 0.32785 0.363491 0.0461747 0.0437869
0 0.469715 0.147119 0.0356018 0.0298331
0 0.656027 0.270363 0.0220415 0.0321864
0 0.409255 0.361225 0.0231643 0.028274
0 0.324267 0.323982 0.0318342 0.0545851
0 0.72997 0.55094 0.0123016 0.0602636
0 0.832991 0.555191 0.0127547 0.0371062
0 0.419401 0.402883 0.0870589 0.0437299
0 0.465123 0.624601 0.0285397 0.0267477
0 0.422805 0.063308 0.0142899 0.0509669
0 0.473179 0.22821 0.0237798 0.0255575
0 0.305831 0.173738 0.0149009 0.0397837
0 0.178438 0.559068 0.0489608 0.0410103
0 0.280427 0.408129 0.0257337 0.022599
0 0.610546 0.310235 0.0146635 0.0412988
0 0.761466 0.423291 0.0266449 0.0245124
0 0.71501 0.727112 0.0335933 0.024107
0 0.963937 0.426532 0.0198666 0.0395307
