5 0.756756 0.701592 0.134806 0.172783
0 0.96196 0.6444 0.0709079 0.0762318
0 0.593748 0.0959382 0.048079 0.134017
5 0.690525 0.446587 0.046234 0.0871018
0 0.209227 0.0976757 0.0419282 0.116913
0 0.0703211 0.151252 0.0521349 0.0808402
0 0.696694 0.358547 0.0251183 0.0654141
0 0.162022 0.765196 0.0754312 0.112171
0 0.747825 0.108823 0.0678223 0.156406
0 0.463404 0.379173 0.0209421 0.068737
5 0.215139 0.470032 0.0756567 0.155149
0 0.841902 0.189941 0.0484768 0.158699
0 0.0581259 0.427559 0.0520292 0.0447601
0 0.709606 0.544529 0.0283648 0.0376775
0 0.819119 0.413326 0.0162972 0.0484863
0 0.0226 0.658071 0.0451589 0.105871
0 0.825342 0.343782 0.0726596 0.03209
0 0.044022 0.248093 0.0193762 0.0751165
0 0.266362 0.11113 0.060246 0.158405
0 0.585199 0.957788 0.0485052 0.0531239
0 0.560704 0.612593 0.0445448 0.0228186
0 0.707833 0.653914 0.0137079 0.0439054
0 0.767577 0.255645 0.0210941 0.0918084
5 0.967301 0.565857 0.0647178 0.1185
0 0.473872 0.609154 0.0131368 0.0531176
0 0.145725 0.688426 0.0436902 0.0675865
0 0.460433 0.487561 0.0204744 0.0418152
0 0.0472733 0.455675 0.0398745 0.0310051
0 0.114467 0.814299 0.0576794 0.0788023
0 0.220026 0.0791811 0.0273121 0.0759667
0 0.0524657 0.447386 0.0464368 0.0279915
0 0.925686 0.425092 0.0160121 0.0338248
