5 0.210487 0.376933 0.134854 0.20446
0 0.913347 0.867995 0.0854869 0.0862794
0 0.196102 0.944579 0.0766223 0.104512
5 0.770206 0.659548 0.102917 0.243581
5 0.393897 0.251039 0.0801196 0.0713426
0 0.0496956 0.71941 0.0471981 0.0995696
0 0.75366 0.160204 0.0272866 0.0988008
0 0.356522 0.411623 0.0445719 0.0285855
5 0.786351 0.658161 0.0707915 0.241817
0 0.323446 0.785724 0.0529097 0.102411
5 0.623183 0.859428 0.0888158 0.109559
0 0.071909 0.830962 0.0417636 0.0921703
0 0.744886 0.54415 0.0134874 0.0629394
0 0.029675 0.601628 0.0459175 0.108916
0 0.633725 0.434483 0.0136948 0.0761712
0 0.208499 0.204829 0.0262611 0.0282039
0 0.981346 0.320976 0.0368724 0.146966
0 0.87675 0.809358 0.11102 0.138758
0 0.32972 0.866364 0.0242336 0.0870052
0 0.408362 0.941168 0.0259643 0.0370822
0 0.825154 0.299259 0.0724503 0.035709
0 0.136754 0.623587 0.0233047 0.0444177
0 0.135468 0.770911 0.0208551 0.0648547
5 0.338889 0.66101 0.0369995 0.127929
0 0.0731873 0.383498 0.0337346 0.131127
0 0.837807 0.169845 0.0191547 0.109141
5 0.5431 0.787995 0.0488988 0.137522
0 0.450853 0.197566 0.0689205 0.0563313
0 0.230541 0.488678 0.0190697 0.060149
0 0.0106795 0.516886 0.0211581 0.0774956
0 0.115632 0.622995 0.0223288 0.0430853
0 0.338102 0.336425 0.022434 0.113526
5 0.450445 0.197673 0.0671655 0.0555435
0 0.222791 0.702082 0.0440459 0.144235
0 0.543735 0.787584 0.0460555 0.133679
0 0.644345 0.971501 0.0912701 0.0516347
0 0.3536 0.357772 0.0141179 0.0231004
0 0.00794383 0.439344 0.0157448 0.0708305
0 0.744592 0.544437 0.019838 0.0628389
0 0.338204 0.661682 0.0306264 0.129021
0 0.0346116 0.313377 0.0488987 0.161257
