0 0.210813 0.510697 0.068232 0.0643559
0 0.286012 0.164079 0.0626154 0.0936839
5 0.852431 0.493059 0.157934 0.183789
0 0.478044 0.711263 0.0594785 0.0861667
0 0.0981057 0.170082 0.0600247 0.162927
0 0.280357 0.408609 0.0719684 0.0901497
0 0.0585708 0.486893 0.0725228 0.145108
0 0.297303 0.559355 0.0426076 0.0419077
5 0.852263 0.289296 0.132895 0.109132
0 0.523541 0.855104 0.0406855 0.0785268
0 0.909812 0.0592792 0.028938 0.0548607
0 0.331461 0.664063 0.0554126 0.0817064
0 0.325595 0.601728 0.0634674 0.0644504
0 0.705878 0.936718 0.0379728 0.0477796
0 0.757884 0.862342 0.033537 0.0596683
0 0.137966 0.429911 0.0275586 0.0851723
0 0.398993 0.26321 0.0570216 0.105405
0 0.703329 0.276087 0.0160873 0.0772995
0 0.242201 0.872746 0.0492757 0.0591327
0 0.602383 0.935894 0.0405203 0.102676
0 0.205375 0.596841 0.0876249 0.0439958
0 0.20458 0.655671 0.0571531 0.0340526
0 0.648726 0.912721 0.0353428 0.124103
5 0.512842 0.567707 0.0938689 0.0805009
0 0.583478 0.900148 0.0652129 0.0364061
0 0.507752 0.167518 0.0276792 0.127804
0 0.135923 0.76605 0.0491171 0.0436655
5 0.950116 0.567747 0.0997681 0.151635
0 0.337433 0.792732 0.0434824 0.0445833
0 0.844477 0.901055 0.0268451 0.107392
5 0.739148 0.615273 0.0606949 0.216344
0 0.224897 0.0529643 0.0202898 0.0429429
0 0.0213826 0.636847 0.0426785 0.0432409
0 0.248674 0.550854 0.033771 0.0402075
0 0.432748 0.259964 0.029225 0.0982231
0 0.115626 0.689378 0.0455869 0.0348014
0 0.787527 0.938897 0.0403733 0.0425235
0 0.275779 0.628444 0.0631606 0.0493904
0 0.0951084 0.6296 0.0801321 0.0625187
0 0.156531 0.461205 0.0256945 0.0714315
0 0.513692 0.571311 0.0946316 0.0895622
0 0.472224 0.388272 0.0327881 0.0261686
0 0.338384 0.250715 0.0142959 0.0557689
0 0.894454 0.504231 0.0508236 0.0459358
0 0.817459 0.954773 0.0282047 0.0646261
0 0.611103 0.723575 0.0150114 0.0476396
5 0.617457 0.564249 0.0728933 0.145159
5 0.659709 0.575312 0.045912 0.175571
0 0.586638 0.905965 0.0646831 0.045462
0 0.163387 0.288623 0.0316212 0.0276047
0 0.359383 0.402111 0.0321475 0.0302275
0 0.595605 0.917259 0.0511703 0.0698164
0 0.617581 0.572148 0.0743301 0.124576
0 0.444297 0.804693 0.0301254 0.0508029
0 0.847487 0.754354 0.0344511 0.0478843
0 0.855467 0.328048 0.0319348 0.0702694
0 0.193819 0.593809 0.104386 0.0493665
0 0.714323 0.978191 0.0347642 0.0182209
0 0.844099 0.900803 0.040928 0.112322
0 0.509666 0.163768 0.020524 0.118894
0 0.808574 0.94653 0.0402325 0.0605166
0 0.256513 0.913245 0.0267309 0.041413
0 0.713777 0.775815 0.014893 0.039218
0 0.246052 0.093669 0.02143 0.0509063
0 0.449145 0.27712 0.0205902 0.0534734
