0 0.348495 0.829076 0.0562996 0.0768764
5 0.547124 0.186216 0.147962 0.231636
0 0.383126 0.459571 0.0605615 0.0608875
0 0.203129 0.56483 0.0641744 0.0952994
0 0.0758203 0.691834 0.0950199 0.110178
0 0.494567 0.873507 0.0538988 0.117197
5 0.878381 0.35817 0.133521 0.171783
0 0.41344 0.0914661 0.0801585 0.130104
5 0.768105 0.592503 0.107516 0.128109
5 0.786023 0.197572 0.109746 0.305067
0 0.394113 0.858698 0.0525706 0.072881
0 0.904116 0.926121 0.0462692 0.0526104
0 0.641208 0.934465 0.0841125 0.0845335
0 0.15275 0.516769 0.0982786 0.0757769
0 0.651055 0.663209 0.0713868 0.0826577
0 0.712247 0.80248 0.0218294 0.0692389
0 0.337786 0.435043 0.067998 0.0289208
0 0.172745 0.724453 0.0639739 0.040351
0 0.0617969 0.161232 0.0330544 0.14419
0 0.297884 0.659144 0.063631 0.0508605
0 0.147611 0.259144 0.049906 0.0386698
0 0.326784 0.600341 0.0233262 0.068758
0 0.485789 0.533467 0.13316 0.073627
5 0.606158 0.594834 0.0730804 0.17204
5 0.789853 0.746371 0.135274 0.0602096
0 0.168495 0.429517 0.0183806 0.0672351
0 0.507331 0.751932 0.0477007 0.0361347
0 0.138288 0.584743 0.0694121 0.0288203
0 0.342708 0.146916 0.018955 0.0613825
0 0.489327 0.0706231 0.0151091 0.0767755
0 0.841978 0.927693 0.0315475 0.0520229
0 0.154939 0.101773 0.034792 0.0945298
0 0.944272 0.825231 0.0560504 0.0507836
0 0.373124 0.648915 0.104253 0.0454023
0 0.691322 0.96614 0.0478355 0.0636387
0 0.985463 0.113058 0.0290738 0.110734
0 0.0683239 0.396827 0.0198517 0.0547916
0 0.255623 0.0620939 0.0206892 0.0582119
0 0.365381 0.664447 0.10224 0.0761899
0 0.0422865 0.560115 0.0472494 0.0371885
0 0.256469 0.770332 0.0690645 0.0352539
0 0.722328 0.871643 0.0347584 0.0282582
0 0.206046 0.0615175 0.0871397 0.0562533
0 0.230737 0.318071 0.0514052 0.0286187
0 0.823636 0.792615 0.0263273 0.0679954
0 0.576592 0.947221 0.0998937 0.105557
0 0.405705 0.319351 0.00991211 0.0474861
0 0.572725 0.205372 0.0197421 0.0655877
5 0.56607 0.451541 0.0431711 0.194205
0 0.748242 0.97879 0.0278362 0.0407041
0 0.378805 0.645661 0.0884525 0.0345697
0 0.258629 0.0536594 0.027636 0.0416368
0 0.56188 0.454132 0.0543707 0.199012
0 0.240596 0.668113 0.0285293 0.0340765
0 0.205755 0.557203 0.0552944 0.0746687
