5 0.422666 0.580829 0.0549339 0.0823324
5 0.284556 0.492814 0.0640254 0.0803315
5 0.33364 0.566902 0.071559 0.0550743
1 0.186824 0.55749 0.0451629 0.048143
1 0.120633 0.490088 0.0495507 0.0516947
5 0.658894 0.664983 0.0344654 0.0458639
5 0.504363 0.734622 0.0398848 0.0588473
0 0.417676 0.698098 0.022276 0.0233638
1 0.503558 0.735995 0.0409119 0.06152
5 0.492715 0.5636 0.0316406 0.0516801
1 0.165419 0.433838 0.055145 0.082799
0 0.383671 0.597826 0.0313232 0.0493781
1 0.168822 0.482582 0.0526359 0.0713505
1 0.492565 0.563262 0.0327936 0.0518852
1 0.51619 0.633164 0.0312046 0.0543465
1 0.557185 0.680942 0.0284615 0.0442958
0 0.373036 0.655796 0.0362521 0.0332355
5 0.166111 0.436856 0.0560262 0.0890215
