5 0.290651 0.579573 0.0827706 0.0629753
5 0.413957 0.564441 0.0573466 0.0793395
5 0.379557 0.590951 0.0428956 0.0672913
5 0.268618 0.465999 0.0612324 0.0623996
5 0.649443 0.656179 0.0465265 0.0501307
5 0.488631 0.713387 0.0486738 0.0689848
5 0.151714 0.411123 0.0605063 0.0898346
5 0.487714 0.554117 0.0293858 0.0582357
5 0.175466 0.544573 0.048076 0.0459555
1 0.104987 0.477042 0.0517868 0.0458715
1 0.547823 0.66863 0.0238107 0.0442547
1 0.176377 0.544967 0.0476989 0.0455249
5 0.507369 0.614034 0.0350334 0.0484285
1 0.488588 0.713509 0.0499686 0.0695024
1 0.15508 0.471702 0.0453693 0.0696512
5 0.10443 0.477265 0.051843 0.0457324
