5 0.589378 0.633973 0.0606717 0.0644395
5 0.437937 0.642833 0.0521523 0.0891025
5 0.196893 0.411231 0.0722369 0.0606415
5 0.0382384 0.445343 0.0764768 0.0820505
5 0.10542 0.53209 0.0698865 0.0473107
5 0.375614 0.495132 0.0463724 0.0688955
5 0.344742 0.518551 0.0344785 0.0689722
5 0.240578 0.549009 0.0638841 0.0436993
0 0.383658 0.621204 0.0176314 0.0357457
1 0.0689405 0.574939 0.0387774 0.0594145
5 0.140088 0.426673 0.0443926 0.0764149
0 0.297609 0.634229 0.0367107 0.0570943
1 0.100236 0.33207 0.0492989 0.0805927
1 0.297394 0.494697 0.0310001 0.0651055
1 0.140685 0.427391 0.0453196 0.0772887
0 0.546234 0.597224 0.0173386 0.0606709
0 0.299878 0.560148 0.0342894 0.0816486
