0 0.130793 0.516822 0.0306506 0.0477689
0 0.101478 0.114408 0.0479882 0.131246
0 0.373573 0.670838 0.0169956 0.0650327
5 0.220279 0.400521 0.0845828 0.189069
0 0.38747 0.0624212 0.0335036 0.0653719
0 0.368223 0.507125 0.0164452 0.0428844
0 0.204794 0.568438 0.0293533 0.0401945
0 0.340714 0.614577 0.0131247 0.0564257
0 0.251471 0.519614 0.0259489 0.0648479
0 0.335422 0.562731 0.0146419 0.0421656
0 0.283331 0.0492981 0.0117394 0.0351781
1 0.478533 0.697537 0.0524816 0.0459007
5 0.568132 0.29733 0.0381001 0.122136
0 0.128867 0.266934 0.0523432 0.106649
5 0.441723 0.276889 0.0622116 0.221966
0 0.351234 0.157574 0.0306369 0.0942781
0 0.245455 0.253583 0.0368491 0.101406
0 0.316617 0.10662 0.0277002 0.153231
0 0.313858 0.115427 0.0478952 0.166339
0 0.466612 0.598918 0.0176599 0.0358199
1 0.245357 0.254197 0.0346728 0.101195
5 0.0366918 0.272952 0.0491726 0.109083
