0 0.393575 0.339356 0.0410079 0.0462602
5 0.0910467 0.213954 0.154374 0.0824609
0 0.359949 0.266898 0.0503341 0.0312127
0 0.259042 0.152738 0.0380356 0.023177
0 0.379752 0.097205 0.0408266 0.0215179
0 0.376512 0.193063 0.0346749 0.0323611
0 0.240325 0.074547 0.0558497 0.0329843
0 0.24326 0.0873012 0.0484882 0.0448916
0 0.216111 0.0460686 0.0243186 0.0239595
0 0.492867 0.166609 0.0267416 0.0882657
0 0.481798 0.12766 0.0103199 0.0779293
0 0.234835 0.0707307 0.0515634 0.0243028
0 0.482924 0.144477 0.0154282 0.112064
0 0.204798 0.169417 0.0288448 0.036623
0 0.488981 0.159072 0.0252752 0.0996334
