5 0.494028 0.456733 0.124208 0.220738
5 0.307386 0.313227 0.116163 0.306696
0 0.10136 0.728651 0.0795786 0.102917
5 0.919203 0.659571 0.161595 0.13488
0 0.612871 0.270898 0.0347475 0.0785781
0 0.878762 0.0539909 0.0434341 0.0451648
0 0.59099 0.128985 0.0460575 0.0383254
0 0.126698 0.418121 0.0433724 0.0836521
0 0.78827 0.0580301 0.038586 0.0455128
0 0.387512 0.344059 0.023106 0.0542683
0 0.153208 0.1929 0.0590764 0.0312342
5 0.444815 0.710335 0.0753319 0.168902
0 0.240926 0.281188 0.0650528 0.106043
0 0.0625248 0.173044 0.037925 0.0724508
0 0.345073 0.573909 0.0449367 0.0266182
0 0.83066 0.956802 0.0870537 0.0457885
0 0.0404904 0.339233 0.0724412 0.0890501
0 0.29783 0.914734 0.0731368 0.0447463
0 0.654011 0.690977 0.0648022 0.0511535
5 0.881231 0.234155 0.0775108 0.0522835
0 0.562893 0.29203 0.0278612 0.0743027
0 0.195367 0.284703 0.0235014 0.0622988
0 0.0209823 0.494947 0.0419646 0.0592438
0 0.889203 0.57361 0.0471478 0.0250665
0 0.0448539 0.352805 0.086972 0.119932
0 0.623672 0.7864 0.059804 0.035762
0 0.109055 0.528824 0.0185476 0.0560209
0 0.414978 0.290559 0.0245405 0.036069
0 0.563388 0.938199 0.0447712 0.023731
0 0.796509 0.910758 0.0589346 0.0316738
0 0.39254 0.070879 0.0196554 0.0427772
0 0.386971 0.922101 0.0210301 0.052782
0 0.20302 0.186152 0.017164 0.0396822
0 0.852429 0.629893 0.0493462 0.0355978
0 0.0353561 0.326435 0.0630907 0.0622577
0 0.00893595 0.639744 0.0178064 0.0903503
5 0.0664074 0.552953 0.0757056 0.189746
0 0.021726 0.587978 0.0346482 0.0620262
0 0.255437 0.381997 0.0200532 0.0300358
0 0.104008 0.603899 0.0384574 0.0834176
5 0.240892 0.279979 0.0657712 0.10368
0 0.0781832 0.627209 0.0203455 0.0460531
0 0.0540606 0.362332 0.0816448 0.119758
0 0.994013 0.475511 0.011973 0.0978983
0 0.140825 0.551706 0.0205278 0.0308227
