5 0.251379 0.507522 0.220565 0.196619
5 0.637726 0.265247 0.117312 0.33546
5 0.789576 0.473764 0.0967618 0.238339
0 0.247004 0.886201 0.0533649 0.045266
0 0.175272 0.235463 0.0580168 0.0430626
5 0.798157 0.710434 0.122011 0.173035
0 0.945214 0.959448 0.0623907 0.0811048
0 0.0986777 0.625616 0.0619863 0.0340464
0 0.48584 0.632095 0.0535135 0.0482358
0 0.0904651 0.35221 0.0456601 0.0497707
0 0.0993601 0.538556 0.0592785 0.107575
0 0.115777 0.167568 0.0403136 0.086693
5 0.288773 0.636665 0.146533 0.221809
0 0.581438 0.627864 0.0362629 0.0249104
0 0.713148 0.171982 0.0449471 0.037569
0 0.244206 0.310978 0.0614884 0.0553063
0 0.255659 0.226357 0.0143263 0.0528026
0 0.552674 0.965682 0.0825187 0.0412672
0 0.278699 0.345176 0.0193686 0.082537
0 0.483314 0.377117 0.0338163 0.0304364
0 0.0729047 0.298965 0.0500174 0.0427778
0 0.697999 0.30386 0.0275421 0.0903037
0 0.129887 0.326108 0.0141482 0.0614995
0 0.0146067 0.553094 0.0292135 0.0999831
5 0.694295 0.795221 0.104064 0.078594
0 0.67653 0.339346 0.0374468 0.0305814
0 0.0990703 0.629307 0.063424 0.0521167
0 0.0517262 0.484842 0.0398854 0.0616705
0 0.176732 0.0631144 0.0273362 0.0626143
0 0.0570476 0.786386 0.114095 0.094855
0 0.418033 0.4622 0.0354735 0.0199891
0 0.0437014 0.506271 0.0410515 0.0630295
0 0.759205 0.972785 0.133501 0.050249
0 0.446988 0.0973821 0.0126578 0.0386078
0 0.0476962 0.493307 0.0453072 0.0700519
0 0.979727 0.703871 0.0403072 0.0373559
0 0.238528 0.0460477 0.0154814 0.0243076
0 0.708295 0.1659 0.0496971 0.0471498
0 0.0494593 0.423624 0.0352975 0.0248132
0 0.248124 0.319289 0.0635291 0.0613257
