5 0.728192 0.575832 0.219747 0.194089
5 0.383024 0.621047 0.191467 0.204569
0 0.0882913 0.717937 0.0616756 0.136106
0 0.275954 0.333667 0.0256848 0.0269576
0 0.764177 0.0540135 0.0390374 0.0383842
0 0.823159 0.205271 0.0300972 0.0829183
0 0.709018 0.309018 0.0278496 0.0318491
5 0.674687 0.77787 0.092312 0.120517
0 0.306174 0.77444 0.0504149 0.0341021
0 0.505398 0.229493 0.0347986 0.0209928
0 0.0963474 0.15025 0.0260858 0.104643
0 0.234861 0.780099 0.023396 0.085004
0 0.605097 0.671092 0.0538548 0.037948
0 0.136529 0.18928 0.0379268 0.103937
0 0.0606502 0.264789 0.0475661 0.0565934
0 0.344618 0.298069 0.0384158 0.0997003
0 0.273686 0.935781 0.0755851 0.0916808
0 0.134285 0.469152 0.0284681 0.0851825
0 0.954984 0.94009 0.0891014 0.0532329
0 0.933061 0.144638 0.133878 0.239158
0 0.286199 0.268508 0.0419775 0.0375349
0 0.0185428 0.441232 0.0370857 0.075143
0 0.169927 0.125827 0.0195284 0.0549601
0 0.0893881 0.461863 0.0299948 0.0543176
0 0.0355718 0.410533 0.024004 0.0581401
0 0.298914 0.23897 0.0183087 0.0673635
0 0.708278 0.968699 0.121555 0.0504153
0 0.114798 0.383491 0.0236869 0.120979
0 0.470043 0.283168 0.0173908 0.0437412
0 0.247561 0.676341 0.0951847 0.0655969
0 0.513382 0.8859 0.0859133 0.131624
0 0.298325 0.24143 0.0255977 0.0747167
5 0.513086 0.886126 0.0835693 0.134077
5 0.247082 0.67684 0.0966414 0.0658962
0 0.288012 0.261735 0.0426279 0.0497866
0 0.105822 0.302555 0.039057 0.0499626
0 0.543287 0.377685 0.0284753 0.0256262
0 0.321781 0.424729 0.0211503 0.0991305
0 0.480857 0.0490479 0.0116129 0.0334247
0 0.31191 0.470572 0.022748 0.0465982
0 0.687516 0.652204 0.0679249 0.0313151
0 0.0153413 0.829122 0.0305604 0.0462821
0 0.159302 0.197236 0.0326671 0.0241454
0 0.162496 0.195275 0.0292606 0.0205058
0 0.680136 0.650641 0.0816151 0.0375908
