0 0.386498 0.617831 0.0663623 0.0691109
0 0.903732 0.0667959 0.0363865 0.0630074
0 0.1477 0.680238 0.0662486 0.0420962
0 0.887047 0.435415 0.0409218 0.0843468
0 0.917302 0.624362 0.0499306 0.0889553
0 0.722653 0.7087 0.0321518 0.0621554
0 0.93105 0.403879 0.0466385 0.107318
0 0.461673 0.305435 0.0320366 0.0360785
0 0.896134 0.817832 0.049919 0.0345746
0 0.138978 0.791549 0.0774073 0.0483657
0 0.739474 0.839387 0.0469774 0.141306
0 0.477959 0.788643 0.0557768 0.0450734
0 0.147263 0.530868 0.0749242 0.046371
0 0.781492 0.436085 0.0494859 0.153142
0 0.927536 0.27648 0.0290901 0.0646029
0 0.856304 0.231653 0.0305397 0.0919832
0 0.179865 0.764872 0.0523654 0.061486
0 0.360578 0.766802 0.037854 0.0338588
0 0.303456 0.899794 0.0585526 0.0473148
0 0.643743 0.894929 0.0583652 0.0360902
0 0.358986 0.355771 0.0407234 0.0328415
0 0.0148702 0.0773673 0.0293299 0.080565
0 0.227826 0.127996 0.0240051 0.0512479
0 0.441627 0.783591 0.0476501 0.118096
0 0.20341 0.604197 0.0948227 0.0715756
0 0.316196 0.715196 0.0176145 0.0622098
5 0.56852 0.368144 0.0444735 0.172962
0 0.37525 0.930292 0.0370775 0.0272397
0 0.361745 0.883436 0.02298 0.0482126
0 0.727838 0.0758187 0.0121337 0.0741639
0 0.81895 0.0998059 0.0313782 0.0299168
0 0.507459 0.935699 0.123671 0.120601
0 0.043375 0.404977 0.0212922 0.0498046
0 0.233826 0.212175 0.0185359 0.0496017
0 0.511195 0.249549 0.0316784 0.0412493
0 0.253534 0.312526 0.0413239 0.024395
0 0.705079 0.0983581 0.0180327 0.0625111
0 0.490487 0.0585176 0.015251 0.0552629
0 0.356169 0.244724 0.0193612 0.0402913
0 0.496249 0.618756 0.141205 0.115798
0 0.768647 0.565961 0.0798229 0.164754
0 0.27368 0.234665 0.0345079 0.133915
0 0.514851 0.886567 0.044923 0.038685
0 0.108237 0.353411 0.0212593 0.0478325
0 0.852876 0.958911 0.0634437 0.0285779
0 0.18297 0.6331 0.0544614 0.0381333
0 0.914679 0.968927 0.0467647 0.0506316
0 0.414558 0.772185 0.0312076 0.0459179
5 0.768207 0.565885 0.0806616 0.160242
0 0.716878 0.215915 0.0245756 0.12318
0 0.903034 0.891469 0.0384201 0.043495
0 0.283329 0.347003 0.0319361 0.0212229
0 0.962785 0.755744 0.0367035 0.0562696
0 0.0193452 0.308049 0.0143552 0.0572912
0 0.97256 0.834321 0.0525543 0.0398911
0 0.0543371 0.0597811 0.0268759 0.0551665
0 0.992114 0.519454 0.015773 0.0951376
0 0.197458 0.106156 0.0131188 0.0439077
0 0.471444 0.783325 0.0520412 0.0624165
0 0.0182169 0.0763742 0.0364338 0.082516
