0 0.669292 0.84576 0.0329192 0.0564512
0 0.935461 0.847893 0.0263107 0.0644638
0 0.861839 0.796673 0.0182831 0.0860613
0 0.870638 0.273382 0.0174479 0.0770172
0 0.659484 0.33619 0.0447819 0.0344948
0 0.834751 0.0767269 0.0208879 0.0865752
0 0.417751 0.447852 0.0114019 0.0514506
5 0.719449 0.09795 0.0615772 0.0714401
0 0.561631 0.13852 0.0157384 0.0600012
0 0.751636 0.44814 0.0370015 0.105269
0 0.915872 0.552379 0.0186544 0.0659144
0 0.80696 0.200583 0.0343861 0.0292258
0 0.738046 0.168599 0.0200392 0.0704044
0 0.60868 0.315322 0.0116514 0.0465022
0 0.844992 0.245549 0.0169466 0.0502698
0 0.757111 0.360824 0.0228458 0.054529
0 0.616876 0.961573 0.0302286 0.0399925
0 0.382254 0.463199 0.021609 0.0462923
0 0.418084 0.449963 0.0169729 0.0547408
0 0.84387 0.238653 0.0182312 0.0646178
0 0.965835 0.243697 0.0374385 0.0340796
0 0.54043 0.214859 0.0135704 0.048884
