5 0.735573 0.21534 0.0711194 0.107683
0 0.746705 0.711931 0.0454693 0.067348
5 0.84091 0.089009 0.0997816 0.0972622
5 0.331306 0.377036 0.118207 0.0607622
0 0.451257 0.198344 0.0290087 0.0835646
0 0.865209 0.508799 0.0256462 0.0663128
0 0.946936 0.27505 0.0288687 0.0975128
0 0.583138 0.439409 0.0245575 0.0597152
0 0.561663 0.0493601 0.063072 0.0392663
0 0.724215 0.374649 0.0432863 0.0626055
0 0.780432 0.478238 0.0390265 0.0900321
0 0.0354408 0.461203 0.0279303 0.0748296
0 0.410411 0.460392 0.0212727 0.0386438
0 0.788373 0.481152 0.0310089 0.0983679
0 0.766228 0.193101 0.0162785 0.0734221
0 0.402266 0.321813 0.0355267 0.0250542
0 0.863737 0.276804 0.015356 0.0718749
0 0.969668 0.608109 0.0118439 0.0629431
0 0.988206 0.314471 0.0232466 0.085903
0 0.79341 0.483313 0.021501 0.0969634
0 0.278222 0.860951 0.0407743 0.0297418
0 0.988205 0.297579 0.0235895 0.123832
