5 0.529067 0.281558 0.110684 0.227002
0 0.577724 0.779458 0.0591181 0.0410495
0 0.629353 0.803666 0.0549664 0.0421475
0 0.569501 0.54454 0.0554747 0.0349876
0 0.245689 0.11499 0.0224767 0.0616421
0 0.950586 0.739917 0.0440796 0.0672117
0 0.877868 0.60828 0.0514969 0.0486482
0 0.827459 0.765075 0.0523983 0.0471901
0 0.19563 0.605089 0.0575203 0.060086
0 0.677433 0.550903 0.0316255 0.0516295
0 0.663439 0.839423 0.0490256 0.046579
0 0.100934 0.210839 0.0566905 0.143999
5 0.381686 0.41357 0.0772737 0.0593092
0 0.559648 0.0705364 0.0810371 0.0381607
0 0.833806 0.640455 0.0433243 0.102098
0 0.406533 0.056065 0.0276511 0.047648
5 0.264254 0.624941 0.039496 0.131946
0 0.49539 0.640361 0.0792296 0.0648525
5 0.660135 0.25025 0.0288128 0.171691
0 0.61748 0.680618 0.0552593 0.027999
0 0.418989 0.929245 0.0497902 0.0395481
0 0.754691 0.443804 0.0373595 0.133393
5 0.494861 0.641326 0.0788391 0.0598179
0 0.339905 0.377013 0.0210175 0.0322234
0 0.382371 0.414544 0.0772632 0.0546272
0 0.790578 0.685283 0.0256655 0.0455965
