5 0.819278 0.562879 0.109082 0.200055
5 0.675763 0.383589 0.0983259 0.131319
5 0.424262 0.195323 0.100019 0.0798399
0 0.641845 0.894836 0.0463896 0.0322465
0 0.261853 0.682018 0.0337821 0.0696147
0 0.7882 0.782098 0.032865 0.0530992
0 0.45992 0.7206 0.0294462 0.0787607
0 0.341067 0.801374 0.0589808 0.0302841
0 0.553122 0.358104 0.0334419 0.0259504
0 0.508532 0.676392 0.0329685 0.0377023
0 0.700986 0.937427 0.0351322 0.0406306
0 0.555017 0.770692 0.0488829 0.0293877
5 0.0796516 0.204421 0.116991 0.169051
0 0.52811 0.90832 0.0497548 0.0240992
0 0.471 0.877719 0.0515936 0.0225111
0 0.782381 0.864656 0.0284549 0.0647211
0 0.361455 0.742709 0.0738424 0.0502791
5 0.520907 0.0806258 0.0782884 0.0984954
0 0.0757163 0.725371 0.0336952 0.0531997
5 0.204096 0.501187 0.0868055 0.150406
0 0.634195 0.592537 0.0390881 0.119581
5 0.634082 0.590249 0.0412883 0.121034
0 0.979536 0.86191 0.0404271 0.0638363
0 0.0822979 0.730074 0.0216256 0.0507803
0 0.42631 0.406031 0.0169016 0.0431999
5 0.381409 0.0740339 0.0581251 0.087584
0 0.0679878 0.71374 0.0457661 0.0384194
0 0.253882 0.470059 0.0296704 0.0359564
0 0.204449 0.782915 0.0360495 0.021087
0 0.193575 0.505228 0.0639862 0.146
0 0.281691 0.768474 0.0376991 0.0363355
0 0.380022 0.0743376 0.0571456 0.0875266
0 0.740422 0.826595 0.0144196 0.0342231
